49001 406521
53740 483160
54558 498184
53548 480952
59171 580621
51128 436836
58455 571941
54908 503248
55194 507316
56941 535465
60521 606317
55553 512913
60128 603156
57511 543685
66103 722401
55058 503824
63810 680012
65448 701836
66287 725585
56411 525745
61862 629400
61437 619401
59839 591781
66830 730936
65889 720065
62864 643976
64874 694104
65176 698056
70101 811405
60989 614481
71987 839193
60105 594597
72496 859408
70333 813901
61687 623789
71779 836401
67475 747129
64892 694292
54018 486488
71980 852812
76508 956696
72712 863332
59073 579765
63028 650340
69323 775337
55326 508448
65008 695840
72326 856992
66567 728901
65048 697360
71187 828625
61787 624837
78575 1004825
59615 589513
60947 612157
72656 861136
70991 825245
66681 729941
61127 614285
71511 833217
67400 740248
63940 663980
75822 919988
73984 888220
77020 968036
83407 1126721
66681 729941
70467 798177
83375 1126849
73444 881092
65888 712424
67070 733852
65420 702448
57675 545577
67502 740780
80511 1042489
55522 510728
71555 832341
79009 1010565
73907 880521
55276 508208
79575 1029353
64876 694076
65506 702696
78103 998829
71843 837893
61733 624481
73387 871145
69605 805037
55506 510636
78142 984296
71151 828997
84565 1145789
85536 1174896
85108 1168368
72616 860812
55508 510740
77002 945520
75502 943788
89828 1298680
82027 1101133
66635 729533
68236 753664
84660 1161584
84354 1158716
71931 839409
72372 857832
77590 976780
61753 624673
79169 1014345
67406 741688
61357 618601
82027 1101105
71919 839353
77538 975544
79991 1034481
90881 1333761
68359 759209
71387 829945
89964 1300084
77548 976408
85888 1192220
85128 1168496
71567 832413
72414 858148
86086 1194664
73930 887828
70349 814065
82959 1115353
71379 829857
78430 989424
61613 620477
79935 1034049
69427 780989
86466 1200284
82337 1077801
71931 839441
70357 814121
72694 863296
70423 797709
61075 613529
75838 924800
68226 753604
67548 743016
61061 613481
84985 1152825
68403 759589
60053 594149
72284 856852
78106 981968
65582 704036
67630 742220
73869 880937
67474 742296
85092 1168188
71411 830269
73899 880889
78334 987476
72271 849085
68399 759557
74870 902200
80408 1035120
77590 976636
67848 747288
92253 1368521
86056 1194352
66172 715292
81933 1100269
77730 977480
76914 944576
92615 1373021
96283 1483985
73857 880837
79171 1014545
66772 730732
66266 716600
68407 759613
82359 1082701
66108 714748
73351 870881
84648 1161524
85040 1167684
81921 1099981
62080 630384
67602 742052
77552 975476
78973 1010101
69403 781157
78288 987140
72658 861148
76644 958068
89478 1287520
85464 1173960
71401 830113
88900 1253880
60577 601081
78961 1009457
92607 1373121
60101 594569
73271 870297
89884 1299824
80404 1034664
73893 882413
68346 754968
73038 867880
69555 782729
83529 1128245
67978 748712
61665 623481
89862 1299540
78785 1007421
68272 754336
62045 628057
76906 961312
84145 1138497
88902 1253824
71409 830249
84041 1136449
84067 1137921
62067 628313
90809 1333085
68403 759573
65996 713652
88488 1270672
73975 883281
96359 1484677
84065 1137709
91629 1344777
61067 613465
63232 652788
72446 858392
61093 613717
86915 1201573
85670 1178980
81841 1099305
88858 1248744
74157 883793
89508 1287756
65006 695372
69691 784909
102824 1682996
88586 1271716
90060 1301672
71379 830021
73185 868965
89934 1300156
79658 1020952
68318 754772
61745 624517
72465 851497
90598 1312412
79910 1024140
84779 1149761
75882 920540
95453 1438209
76196 930392
77944 979368
85344 1171548
79652 1021160
85726 1179232
67450 742188
88346 1269148
62040 629944
91531 1343781
68294 754508
74964 902976
88412 1269708
74966 902984
78542 989704
71971 839801
74855 897837
68330 754860
68565 760313
72705 854573
88460 1270244
69785 785781
89926 1300116
91207 1337377
80364 1033732
84075 1137041
67908 747832
84653 1146689
68272 754404
84871 1150537
73953 881573
72842 864696
72393 850437
76660 958164
73955 883281
90626 1311708
67602 741968
74908 902428
96419 1486001
77630 976508
71415 830405
68411 759625
76096 928276
70495 798397
84612 1161240
78971 1009525
88564 1271576
85132 1168524
84057 1136849
79949 1034013
97133 1500029
67456 742148
68246 754304
82381 1078189
78763 1007393
75838 925408
92007 1351333
82061 1101349
65712 705424
91332 1325844
66036 714096
78867 1008093
90536 1310552
96439 1486133
84821 1150081
86130 1195040
74387 889417
67530 742900
98676 1558368
95045 1454197
73850 886792
79250 1006456
102812 1682920
68250 754112
80385 1040897
94917 1452605
80512 1037740
61751 624253
62084 630392
72555 852377
84029 1136633
71975 839825
72603 853105
78529 1003269
83999 1136169
72141 841757
73148 869040
82323 1083061
76112 950424
88400 1269544
70327 813897
91024 1320540
82381 1078189
78068 982788
72445 850749
79143 1012377
93432 1381612
74853 897653
86827 1200073
83555 1106053
86944 1208224
94967 1453069
84107 1137701
78546 989724
55552 511044
62914 644656
57661 545485
72573 852577
79148 1004804
79898 1024076
97497 1508453
71595 833941
83423 1104649
74141 883597
90648 1312352
101468 1648956
67638 742396
90660 1312444
84493 1141757
84663 1144729
91184 1322292
74155 883781
75944 926424
80403 1041017
75872 920492
79230 1006176
90875 1333717
81971 1100641
90847 1333513
88582 1271724
80447 1041973
86961 1202021
98764 1559176
85728 1179436
104022 1709788
82293 1082073
91207 1337377
82659 1109113
81421 1058457
73253 870157
72509 851797
91410 1326720
81402 1054048
57685 545641
72654 861128
96401 1485685
72547 852397
67616 742100
73923 882769
82657 1109125
96003 1472817
76866 960940
72535 852085
102956 1685024
97717 1511017
82727 1089109
85292 1171276
68292 754504
80455 1042041
86163 1186649
74061 882341
99965 1574825
79243 1015189
105233 1762269
61607 622749
85707 1169657
89914 1300016
74885 898057
68042 751384
88474 1270580
84043 1137433
78974 1002652
68292 754484
86963 1202473
86998 1209372
76910 961364
74829 897497
72265 843377
74767 896877
74827 897489
90556 1310716
79591 1020489
90582 1311288
83193 1117861
73989 883537
88798 1252764
80462 1037064
85517 1167069
89750 1290796
68312 754736
67452 740176
91591 1344273
72844 864708
90556 1311020
109357 1895025
89208 1280924
73225 869869
77746 977556
95399 1432917
69529 782505
75122 903992
69421 776693
102550 1671320
80487 1042237
79708 1022252
79090 1003692
94881 1452229
73120 868564
67900 747780
79734 1021836
90859 1333597
89208 1280960
65720 705456
84129 1138333
76598 957652
86141 1186085
79591 1020485
77964 979612
85568 1175140
86205 1186985
78808 1000068
94967 1453069
96443 1486149
92223 1356849
97382 1521608
86548 1201012
78736 999356
78026 982464
92571 1372641
61451 619529
97127 1498929
71733 834957
84039 1136637
83553 1106041
77876 978896
90556 1310900
67410 739752
84177 1138241
92067 1352353
76982 945112
95321 1436645
89920 1300080
89972 1277996
78921 1009085
80456 1035236
79098 1004008
72758 864016
79806 1023192
101450 1648744
97400 1521736
76138 950648
91837 1348333
78488 989852
85707 1169657
90594 1312032
82669 1109197
78046 982616
92285 1357241
92690 1365320
97414 1521912
68188 753056
83121 1117137
87002 1209404
61789 624573
91362 1326160
80422 1035208
80365 1040677
79004 1002196
83041 1116077
85367 1164241
96463 1486345
77966 979616
85006 1167200
84601 1145245
92626 1364340
85273 1163237
84981 1152797
88858 1254112
84859 1150377
90516 1310428
73955 881029
77962 979728
90518 1311436
75934 926340
90614 1311512
83553 1128437
69783 785769
67548 743016
97386 1521660
79224 1006272
68254 753820
80510 1037728
74715 895757
103016 1685800
83459 1104881
74369 889249
90620 1312584
83411 1121133
90558 1311080
99154 1564832
84971 1152737
84519 1142077
55532 510872
83557 1106061
89514 1287808
74529 891169
73979 881401
67906 747804
80343 1040397
76980 945104
90654 1312408
80900 1044368
73943 883025
61851 625409
84053 1137641
91386 1326400
79549 1020133
92643 1373385
97354 1521180
72279 843453
77902 978876
97296 1520716
84983 1152805
85722 1179216
74777 896569
57643 545333
92405 1370261
99106 1564184
83549 1128405
62087 628473
97027 1498693
88364 1269300
96373 1485493
91561 1343753
74549 893585
84435 1141205
85293 1163377
98812 1559584
85265 1163117
86550 1201020
80383 1040821
74803 897345
88468 1270708
84662 1161592
69653 784237
92445 1370545
98386 1538516
64234 667484
73901 880609
73120 868564
102910 1684676
94915 1452545
105167 1761673
97440 1522080
88816 1252960
72123 841645
95023 1454181
69423 776261
89578 1288584
68631 761065
80400 1035028
107987 1858009
91463 1342777
95023 1454029
97930 1531508
97103 1498493
95375 1437149
84407 1141045
68248 754192
101578 1650612
89670 1289892
89954 1300024
85801 1171469
80516 1035772
91196 1322468
115910 2120264
91328 1325820
74009 881629
90630 1312244
86245 1188085
91979 1351065
91665 1345133
78468 989664
109575 1898389
79026 1003068
105215 1762165
91137 1336829
81467 1058801
92066 1344616
76076 928056
64208 667296
71997 839241
84075 1137829
97416 1521864
90594 1312196
91219 1337461
90616 1312416
82481 1084701
79199 1014885
85418 1172340
92023 1351445
105221 1762201
97055 1498917
61459 619585
90958 1316376
61749 624241
90504 1310316
103652 1699208
80684 1038352
82397 1083641
79244 1006404
71563 831933
78452 989580
86462 1200072
77904 978912
74964 902976
87959 1223401
98064 1533212
82503 1084869
85530 1174024
95001 1453629
68578 758536
80382 1034860
74457 890129
91852 1340520
91589 1344265
68208 753292
85526 1174576
99114 1564212
78961 1009449
73969 881129
74055 882305
99175 1556097
79090 1003944
84620 1161316
90112 1279712
90604 1312232
83467 1121733
89482 1287576
97513 1504833
86247 1188101
86550 1201020
66574 720536
85263 1163185
88472 1270344
90608 1312304
79086 1003676
99165 1556033
80386 1034940
85761 1170913
88580 1271692
68164 752512
78114 982008
83579 1128633
86923 1202077
92788 1367052
85047 1153385
76118 929084
77954 979536
79285 1015869
98625 1535305
104615 1735849
98950 1561540
104465 1733729
67606 742088
90076 1301784
86092 1194716
90614 1312548
89912 1300020
91203 1337361
86092 1185712
86363 1189353
91522 1329196
95767 1465897
84699 1147129
67612 742116
85645 1168405
86084 1185600
66346 717568
67676 743048
79162 1004868
85363 1164225
68196 753168
82635 1086765
90600 1312068
91336 1325868
80482 1037396
91796 1340000
102998 1685568
74763 896249
82587 1087057
78527 1003261
91663 1345125
61739 624169
92219 1356825
77522 973584
81330 1052656
84145 1138357
86915 1202105
76338 931876
91163 1336977
97887 1515049
79094 1003984
93009 1379481
80470 1037104
97061 1497929
87040 1209880
79171 1012585
96023 1472989
76232 930728
74881 898029
78822 994456
65702 705356
95021 1454177
86482 1200396
78810 1000052
104485 1733909
106506 1781176
78552 989776
78915 1009017
92760 1365932
68314 754736
89088 1258292
81082 1046748
86213 1186809
77964 979740
78928 1001660
72273 843417
93298 1379552
78370 987880
79253 1015213
64028 664944
91561 1343753
99144 1564764
105213 1762153
76244 930812
111006 1949084
99343 1559169
74769 897149
72269 843397
84417 1141093
104446 1717380
88454 1270180
82501 1084861
67068 733836
64192 667128
74793 897161
79589 1020469
74553 893701
96229 1475789
76182 929884
78950 1001772
74061 882341
92294 1348772
101862 1633728
64202 667176
74057 882325
101472 1648976
71449 830625
95347 1436865
78841 1007969
84593 1145173
97217 1500313
82629 1086737
93025 1379773
85560 1175096
74741 896265
68573 760393
90628 1312508
93011 1379689
86872 1207344
85641 1168637
77668 977520
84899 1150989
97051 1497865
72424 858212
80416 1036468
101952 1630248
71407 830189
95447 1438069
82483 1084717
81268 1052072
79750 1022756
74767 896265
66362 717780
91814 1340232
102802 1682760
103839 1721781
78680 992440
74857 897825
75119 902157
85722 1179212
80434 1034772
101424 1648448
79285 1015873
96523 1486569
80922 1044512
80468 1037248
85515 1167057
86150 1186228
66384 717948
102922 1684728
97061 1497873
85318 1171460
72115 841549
97408 1521816
110581 1924389
82427 1078777
89262 1260952
84513 1142001
85529 1167141
87445 1212649
102572 1671540
101952 1630244
81252 1051604
74956 902908
70357 814097
105661 1768909
79142 1004752
81410 1054060
93583 1390433
78841 1007969
74954 902900
68631 761061
74803 896837
95403 1432917
98500 1541300
110581 1924389
85645 1168661
84173 1138229
86973 1202065
91814 1340224
99851 1572677
62043 628017
91296 1325612
85707 1169657
86957 1202377
97067 1497973
111672 1978132
103821 1721621
67510 742724
82061 1101349
78963 1009485
92115 1352753
90976 1316484
105295 1763045
77952 979480
78950 1001772
84985 1152865
109333 1894689
90582 1312112
70365 814173
85826 1180880
62059 628181
72875 856605
74803 897345
81102 1049208
67992 748812
98144 1533984
85509 1166229
88304 1268708
64176 667012
80928 1044668
85690 1177140
85740 1179744
97422 1521960
113049 2000649
79104 1003988
94995 1453521
85783 1171277
81066 1048944
79695 1021833
92295 1357761
85659 1168733
88422 1270152
95417 1433017
79591 1020485
84433 1141197
95015 1454121
77052 945936
102894 1683800
94002 1394088
79090 1003844
106524 1781312
81326 1052968
105695 1769573
88578 1271692
97577 1509117
96037 1473081
105902 1764412
95611 1442737
87637 1215449
75102 903832
103680 1699708
93409 1387433
90964 1316408
85693 1169553
99185 1556149
84699 1147129
72921 857061
98623 1535297
84067 1135089
82719 1088677
117549 2177561
88386 1269464
112254 1987520
86241 1188033
73949 881557
87601 1217477
93019 1379737
94799 1451377
89040 1256232
97023 1497617
85531 1167149
85787 1171185
103849 1721837
67994 748824
80541 1042737
81417 1058441
64244 667568
90674 1313020
74789 896665
77958 979512
74783 896605
68158 752476
89934 1300156
73991 883497
80535 1042709
97921 1515441
95355 1436909
98672 1543532
92800 1367120
83203 1117913
62112 630576
85460 1173324
78824 994464
98780 1547844
80474 1037260
79414 1008796
63500 655904
78470 989664
81427 1058489
92617 1373217
74861 897857
77550 973784
78800 999960
91120 1321456
103562 1698116
72895 856921
91561 1343753
75958 921964
84893 1150701
71425 830365
89278 1260672
79027 1010801
92651 1373457
91108 1321400
81414 1054088
75864 920444
109573 1898381
81523 1059461
88896 1249032
95007 1454077
101560 1650616
102930 1684788
85363 1164201
103903 1722401
93468 1382464
87972 1227816
103608 1698552
95803 1445925
79010 1002900
71431 830401
74011 883597
72846 864716
72941 857265
74841 897573
68618 758856
62055 628245
73238 869852
91561 1343753
73949 882973
97879 1515001
68421 759681
86953 1203701
73299 870529
71549 832317
85657 1168761
101994 1635436
110121 1911797
110115 1911773
103965 1723253
96525 1464469
78652 992188
101902 1634100
104446 1717380
86283 1188649
80424 1035216
85754 1179820
103973 1723297
60551 600913
85337 1163973
95131 1455373
97111 1498673
73122 868576
81352 1053304
94949 1453329
73621 874509
84095 1137169
87000 1209400
71965 839757
86920 1207976
98554 1541832
89188 1258552
80414 1035100
99948 1580644
74733 895989
92772 1365792
90964 1316408
79828 1023448
75972 922060
98072 1533284
104252 1712864
105037 1744701
76906 961304
97919 1515557
84439 1141065
78312 986316
72407 850485
97133 1499793
68584 758524
62053 628225
79448 1009240
95029 1453837
84097 1138013
67626 742156
103600 1698460
76914 961384
97145 1499877
74831 897505
72889 856697
75110 903968
84509 1141933
71605 834005
89124 1258664
79999 1034517
94849 1451797
79211 1012985
98829 1539753
85661 1168745
84197 1139189
81659 1060697
84505 1141953
89518 1287828
103612 1699576
89748 1290788
96467 1486365
91890 1341176
86884 1207688
102950 1684980
97161 1500129
68000 748940
84427 1141013
97063 1497881
70347 814069
80430 1034584
62045 628093
78488 989852
85650 1178556
85696 1177184
119598 2233256
68596 758696
91639 1344841
102166 1640500
103923 1722837
85771 1171205
101524 1649552
85078 1166836
97412 1521848
78066 982780
87027 1204593
79263 1015277
92371 1359013
96059 1473281
68242 753700
110121 1911797
118191 2207749
88860 1254136
92991 1379329
96131 1474273
81090 1049236
67650 742452
105501 1765953
79106 1004048
114526 2080396
91452 1327312
84501 1141805
72821 855673
99817 1572413
81442 1054376
93459 1388253
75190 904880
98954 1561572
85017 1153065
79695 1021817
99562 1572228
81674 1058936
74077 884449
92712 1365480
81012 1045580
97091 1498549
104941 1741829
90614 1312552
74956 902904
126153 2478993
87827 1221165
90558 1310724
95355 1437013
74049 884161
71965 839765
98924 1550284
80610 1036952
104625 1735949
84889 1150681
85744 1179760
70493 798385
94531 1410317
92591 1372873
80446 1036720
73963 881101
93031 1379865
97063 1497953
85011 1153041
94154 1399208
81278 1052132
79010 1002908
98120 1533432
85357 1164109
61743 624213
66610 720804
99157 1555937
108545 1845929
80550 1038036
71435 830385
78960 1001820
89958 1294448
86453 1190409
103608 1699560
97432 1522024
78152 983680
106354 1778456
98958 1561592
81513 1059365
99562 1572020
68288 754484
71567 832413
67078 733908
91076 1317664
55508 510688
87013 1204633
80394 1034964
84571 1144993
76236 930776
94903 1452473
105113 1745497
105059 1744857
105376 1743912
85773 1171213
72255 843289
92009 1350757
92248 1347480
86937 1202221
73963 883049
86886 1207504
92346 1349316
86457 1190429
99586 1572464
91222 1320612
79156 1004840
91818 1340256
91380 1326280
66394 717996
98807 1538533
78837 1007949
110482 1937240
100713 1594073
99345 1559177
64228 667448
96603 1488253
78524 990244
103937 1722953
78524 990276
82777 1089673
86303 1188777
91147 1336941
97089 1498365
92311 1357877
91058 1317492
81326 1052968
76906 961312
90962 1316396
95419 1438413
97684 1525600
80506 1037420
91120 1321460
85510 1173872
102148 1640340
90964 1316408
85575 1167625
64996 695292
104028 1709820
55556 511064
92279 1357205
87813 1221077
61067 613469
92281 1357217
90086 1301852
78292 984980
105714 1760876
97169 1500313
102964 1685328
88578 1271696
97185 1500313
97583 1509145
88216 1230564
84511 1141957
95021 1454173
95407 1438329
93427 1387901
99140 1564544
108421 1844009
97704 1525784
101358 1647532
97677 1510245
100140 1584148
96477 1486469
78830 1000184
78514 990192
104438 1717316
86267 1188225
101486 1649652
55558 511072
104445 1733645
86973 1202485
93522 1382508
85789 1171369
80432 1036600
96483 1486517
90624 1309772
103985 1723409
86361 1189493
74161 883837
87237 1206249
96037 1473033
87821 1221133
97412 1521844
104241 1727517
87801 1220601
69561 782789
107973 1857801
68644 759196
81282 1051960
80486 1037576
71565 831941
85798 1180212
90618 1309728
101524 1649552
102010 1635664
94352 1402720
82671 1109205
72269 843397
97519 1504869
66390 717972
87021 1204737
80608 1038816
99179 1556113
97187 1500053
80508 1037428
82693 1109461
103642 1699248
92155 1355993
96475 1486457
62045 628117
80409 1041049
105483 1754689
103596 1698428
78532 990324
71409 830229
76900 961292
71451 830633
92908 1368708
87033 1204765
96441 1486141
76084 928100
60297 597189
68298 754204
72943 857273
89330 1261756
79890 1024020
103959 1723157
109373 1895149
110797 1927849
78518 990220
80446 1034884
109449 1896129
98447 1531505
86957 1201773
101460 1648828
92299 1357785
103612 1699576
87063 1203285
92019 1350801
81645 1060485
91830 1340332
67088 728464
91142 1320852
98690 1546688
86931 1202117
93431 1387733
74789 897133
66656 721308
78148 983656
89250 1281396
61615 620489
73643 869181
74801 897125
80628 1039124
87889 1221873
110360 1935692
97360 1521220
103570 1698156
73647 869197
81290 1052004
71995 839225
110496 1937384
85559 1167429
97129 1499765
85694 1177188
76118 928460
87976 1227832
97853 1514753
112210 1986728
85483 1166057
100911 1597981
100907 1597965
90726 1313104
124728 2450540
90726 1313104
68608 758884
90998 1316500
105245 1750609
98624 1543036
80487 1042237
68595 760565
85306 1171376
103680 1700544
85627 1168433
74950 902872
85653 1168729
109503 1897401
85009 1153045
91566 1329588
110587 1924433
103957 1723085
81300 1052304
103584 1699296
103646 1699272
110563 1924285
89968 1277984
99317 1558001
83565 1128553
89334 1261776
80452 1036756
79106 1004048
110159 1912217
61753 624261
85569 1167485
90108 1279688
118761 2217669
77946 979380
86492 1200468
74765 896257
74847 897625
74803 897345
70575 799485
97221 1500829
93528 1382548
67618 742152
80412 1035088
84847 1150273
86197 1186957
68618 758856
87185 1206929
65628 704448
98016 1532232
76110 928380
90114 1279720
115098 2069544
116674 2138560
99239 1557201
93612 1383920
95683 1443469
81322 1053220
97722 1525860
78122 981616
116008 2121584
61833 625309
82517 1080437
90026 1295224
105794 1762216
106119 1777901
68631 761065
97404 1521748
103646 1699268
82677 1087877
87167 1204721
86250 1187764
89060 1256420
67588 741912
103851 1721845
111774 1979152
101560 1650188
68378 755492
84625 1145469
121071 2315913
88860 1254124
86201 1186977
104945 1741845
99162 1564940
80452 1034920
92253 1355133
95681 1443461
92754 1365900
79808 1023204
73099 860049
83459 1121637
94360 1403204
79436 1008952
92064 1344596
60577 601081
80502 1037400
85844 1180996
91258 1323084
92193 1356321
85025 1153141
87485 1213073
93439 1387993
106507 1787097
88986 1250188
98870 1549056
82799 1089837
109513 1897485
97115 1498745
73213 861169
97416 1521864
80508 1036012
101454 1648796
92197 1356641
92322 1349264
93439 1387993
79693 1021817
88488 1270676
80412 1035092
78064 982768
96033 1473053
86548 1201012
81515 1059377
81665 1060725
92128 1345308
68016 749052
86961 1202465
108083 1859157
90598 1312056
86217 1186825
87649 1217973
93562 1385200
96625 1488445
103624 1698952
99821 1572481
84495 1141773
78942 1001728
73238 869852
115866 2119740
60101 594577
76880 961080
87014 1209508
91205 1337369
85400 1172208
109467 1897045
89286 1261120
74453 890109
82737 1088785
91122 1320656
108115 1860277
74005 881605
98538 1541580
103951 1723021
99568 1572056
97845 1514713
85359 1164117
98610 1542960
95415 1438393
87837 1221065
62109 628697
112271 1978853
85195 1155961
85783 1171277
95123 1455261
74129 883529
92385 1359089
118227 2208017
97843 1514685
100018 1581728
91845 1348385
85647 1168701
85567 1167553
77126 947152
95033 1454085
92342 1349476
105107 1745461
105053 1744833
85499 1166161
87006 1209424
106119 1777901
85509 1166229
75956 926496
112351 1980353
110167 1913333
98710 1546844
98624 1543036
85580 1175388
110171 1913357
95459 1438237
91536 1329296
86307 1188805
102978 1685396
87037 1204901
75149 902421
101504 1649768
82371 1083453
97698 1525756
85515 1166277
101560 1650616
81410 1054088
76642 958068
77746 977556
85802 1180232
115928 2120436
109441 1896073
75188 904876
91552 1329548
72445 850749
127620 2564556
67622 742136
109367 1895085
101960 1635672
88480 1270612
117354 2155992
91971 1349709
93474 1382440
98700 1546764
81412 1054104
102836 1683076
89356 1261984
97181 1500013
69473 777041
85844 1181000
103612 1699576
81669 1060745
103000 1685580
86994 1209356
86367 1189377
104477 1733865
105734 1761008
85582 1175392
85332 1171472
89146 1258788
110123 1911825
76856 960940
96477 1486469
86967 1202493
93549 1389881
90084 1301904
114674 2083064
81292 1052252
101900 1634200
122407 2357929
85834 1180948
72662 861164
84855 1149381
79776 1022992
96483 1486517
99265 1557437
93494 1384060
81312 1053172
98079 1518789
87004 1209452
86005 1174685
74966 902984
87965 1223417
68240 753692
85365 1164233
95367 1437117
90964 1316292
78948 1001764
104404 1716960
76158 950772
72432 858272
101904 1634108
86999 1202297
85508 1173888
91881 1348645
96645 1488581
94981 1453553
74007 883561
109371 1895101
83143 1117321
123913 2397257
84103 1138041
103744 1701240
103971 1723289
103022 1685828
99544 1571832
110998 1949056
96137 1474297
79068 1003372
96461 1486341
109489 1897205
105257 1750713
72951 857333
101440 1648548
81521 1059453
91400 1325568
87003 1202325
79650 1012768
88926 1254736
108691 1851077
87187 1206937
105651 1768869
103180 1688236
109379 1895185
68288 754148
74059 884245
82897 1091109
105691 1769337
94921 1452577
96523 1464461
78885 1008201
98331 1530009
95111 1455193
98744 1547232
85707 1169657
78108 981972
91454 1327324
109465 1897037
110520 1937720
110577 1924385
77948 979480
101544 1650000
79677 1021353
78917 1009033
74005 881605
77746 977556
80464 1034884
87657 1217953
75190 904884
110396 1936008
92299 1357781
111816 1967784
74175 883889
100105 1578785
98400 1538616
86007 1174693
74053 882289
62061 628289
92076 1344660
134173 2826325
85828 1180900
86295 1188837
82531 1080561
85310 1171212
103184 1688252
68308 754716
82531 1080561
85365 1164233
85099 1153337
97179 1500009
105720 1760900
119606 2233296
94859 1451853
95031 1454081
67078 733908
104609 1735817
84145 1138501
89662 1289804
68618 758856
86209 1178625
104404 1716960
92375 1359057
83685 1107961
91851 1348481
108457 1844549
76900 961292
91896 1341204
110211 1913069
89678 1289928
94146 1399164
105876 1763192
111768 1979124
85091 1153945
81306 1052844
95409 1438349
105057 1744849
88486 1270664
109473 1897085
90556 1310716
98748 1547244
74956 902928
76888 961104
81396 1053796
76164 950804
103690 1700844
92065 1351453
101556 1650168
62051 628157
105697 1769581
90984 1316388
91456 1327336
97523 1504893
87971 1223485
83571 1128593
83459 1121649
84658 1161576
97283 1501105
74931 898777
97131 1498957
81419 1058449
98744 1547500
97422 1521992
74559 891497
80502 1035428
67624 742148
92613 1373013
85653 1168745
86248 1187744
86942 1208144
85507 1166217
92281 1357217
85522 1173968
103156 1687984
105311 1763185
61747 624233
121653 2306281
75154 904312
74465 890197
85363 1164221
62073 628373
104072 1706416
71435 830385
70767 802269
108025 1858441
73619 874481
85697 1169577
86890 1207568
104464 1717872
94903 1452389
94967 1453469
86449 1190357
85987 1174333
82753 1089333
101686 1652176
85730 1177484
90594 1311256
68637 761085
103082 1664068
111168 1951608
108025 1858441
85080 1166848
72842 864696
74145 883637
74583 893913
106493 1786985
124746 2450672
107466 1806336
87817 1221101
95413 1438365
93557 1389989
112246 1987256
86923 1201017
91532 1329324
82639 1086945
93549 1389885
90114 1302196
76652 958112
92324 1349276
87009 1204641
85483 1166053
62110 630568
111830 1980040
98449 1531513
86293 1188705
68300 754248
80682 1038316
111019 1933337
103572 1699216
97181 1499501
75165 902649
73637 874621
111578 1961228
81414 1054104
80594 1038728
76058 927904
101868 1633772
87827 1221165
109391 1895289
97679 1510257
84287 1139489
73627 874529
110994 1949044
79991 1034469
140730 3101220
118229 2208025
101306 1647192
96127 1474245
79776 1022836
121085 2316005
81344 1053260
74807 897245
73955 881589
89600 1288716
97400 1521736
103620 1698628
76892 961124
118381 2210213
74827 897489
81322 1052332
101556 1650172
107843 1856237
62065 628253
91653 1345065
72905 856817
82793 1089797
81724 1059536
74954 902896
88200 1230316
97749 1511389
116132 2124084
94905 1452397
131273 2706469
74931 898781
85312 1171420
95413 1438373
110994 1949032
84499 1141893
72261 843317
106662 1785544
80606 1036920
108245 1862105
74031 883793
118803 2218297
89958 1300036
98355 1530149
79152 1004816
110167 1912325
67620 742132
106374 1778596
103012 1685784
111017 1933333
85563 1167453
92754 1365900
118127 2190889
80460 1034968
92204 1346544
97187 1500053
92846 1367944
101468 1648948
84507 1141933
74235 884957
65626 704432
71429 830353
81398 1053804
125318 2461740
118231 2208033
86144 1186184
85804 1180244
72551 852181
89980 1278044
74459 890137
74935 898797
108045 1859181
101584 1650672
83419 1121205
91526 1329220
101926 1634408
106368 1778564
104474 1717932
85111 1153437
103770 1701760
99237 1557185
103622 1698644
114584 2081048
81346 1052792
103734 1700904
96517 1480921
115926 2120376
93443 1387873
77968 979604
125320 2461748
93427 1387629
78828 994500
67602 742020
110518 1937632
97157 1500165
91639 1343565
84503 1141905
96505 1486453
99532 1571752
99403 1560185
94396 1403296
80172 1028248
102548 1671312
62115 628733
100043 1577565
78962 1001840
79450 1009252
80424 1035216
83399 1121133
111022 1949208
79313 1016069
77968 979624
97083 1498109
78919 1009065
99983 1574997
103576 1699252
74030 888620
93566 1385208
109105 1882957
97107 1498705
90976 1316372
92065 1351429
79055 1010957
98090 1533400
101416 1648120
92042 1343580
103716 1700988
108039 1859153
91748 1332876
103855 1721865
97153 1499001
78674 992400
91050 1317292
85730 1179444
117547 2177545
103662 1699460
110476 1937216
88912 1254640
86942 1208216
115938 2120500
74143 883629
105788 1762176
97113 1498737
124746 2450668
70759 802233
68304 754564
94905 1452397
97665 1510165
74147 883701
82751 1089321
98396 1538564
111860 1980316
95131 1455381
70783 802441
114526 2080280
84703 1146493
85487 1166073
91837 1348125
74747 895989
78977 1009601
87839 1221073
98186 1534584
83201 1117909
80702 1038472
109109 1882977
118417 2210585
97951 1514889
99568 1572056
84501 1141901
80456 1034948
74713 895329
73133 860241
105696 1760672
90114 1279724
74797 897313
66687 729969
101926 1634408
92858 1367920
66394 718000
81012 1045572
108511 1840705
79217 1013021
75122 903992
93496 1382652
102682 1673040
108725 1851389
70563 799405
98368 1538164
104038 1709896
80704 1038484
77550 973784
80176 1028292
68635 761069
76204 930048
92356 1349608
91637 1343549
104625 1735953
102690 1673092
111722 1978548
95031 1453845
105665 1768953
104745 1737513
83437 1121389
91867 1348581
92623 1364193
110597 1924529
91754 1332908
109521 1897805
101404 1648036
117356 2156000
85699 1169585
98222 1535008
84105 1137113
105380 1743916
93478 1382464
92139 1353105
92758 1365928
74555 891481
110123 1912869
105902 1764412
111180 1951736
82663 1109149
90660 1312796
85476 1173452
101952 1630216
112343 1980293
85466 1173360
84621 1145445
99170 1555924
86924 1207964
80680 1038300
75186 904864
68594 758708
68421 759681
98712 1546852
92202 1346500
97157 1500029
114402 2078480
74841 897253
87807 1220649
92836 1367740
104508 1717340
93595 1390497
77966 979560
112247 1978577
80506 1036004
104882 1733188
94044 1394600
92216 1346600
92643 1373385
98744 1547532
79020 1002968
92756 1365908
92912 1368732
131285 2706545
92832 1367716
87621 1217617
93998 1394068
68334 754900
68392 755532
87849 1221937
103642 1698832
89966 1300092
80477 1042161
82685 1109421
78841 1007969
78921 1009081
98117 1519233
109465 1897037
93559 1389957
99976 1581248
117112 2151920
90010 1278316
85009 1153033
102588 1671656
94895 1452325
97533 1504873
82667 1109189
103690 1700648
122425 2358029
110321 1915813
96527 1464477
98899 1540709
104927 1741457
87569 1214153
80522 1035584
98622 1542108
103981 1723361
98928 1550304
76344 931908
78008 980080
100037 1575977
90124 1302240
84579 1145037
93439 1387993
103608 1698516
104263 1727749
103618 1698616
92061 1351429
87485 1213073
101470 1648916
114402 2078480
107963 1857401
94368 1403252
110579 1924377
103578 1699256
68596 758728
86955 1202369
103977 1723377
92772 1365792
101552 1650060
84453 1141197
105721 1760781
86455 1190421
97957 1514917
74027 883773
87241 1206237
103036 1685980
92042 1343580
68174 750276
99148 1564604
117350 2155972
95677 1443441
105730 1760984
90732 1313988
86939 1202237
112200 1986680
98371 1530409
76162 950796
111931 1961205
114596 2081780
89308 1261372
93494 1382656
90558 1310724
110165 1912317
103674 1699532
98807 1538533
109711 1900837
73240 869860
83199 1117901
116028 2122568
74169 883861
92844 1367932
110167 1913333
102612 1671928
111854 1980192
79092 1003704
97681 1509457
103620 1698552
110237 1914453
90090 1301964
70499 798417
103686 1700828
103716 1700900
72007 839289
97185 1500041
93496 1382112
95009 1453629
114390 2078424
124786 2451028
112252 1987512
74813 897313
78164 983772
105796 1762228
99271 1557461
103740 1700420
80702 1038472
100016 1581720
74151 883725
104306 1713436
97155 1499801
82515 1084965
110460 1936756
70735 801921
99459 1561049
68310 754728
85722 1179408
70751 802069
116905 2162897
86331 1188929
110587 1924477
78522 990244
87621 1217617
85510 1173888
96637 1488633
104703 1736829
84097 1137177
92540 1352836
103082 1664064
111612 1961496
104573 1734813
110121 1911797
68602 758836
91054 1317432
75141 902241
77340 950556
81314 1052904
90966 1316424
79776 1022836
80718 1038708
128962 2609280
90704 1313348
89958 1294488
112291 1979025
105513 1766045
113040 2006448
104257 1727709
100699 1593985
102596 1671712
80514 1037748
75131 902165
89228 1281092
100047 1575625
73643 869177
94979 1453545
85645 1168405
68604 758740
80508 1036020
79595 1020505
105183 1746841
106658 1785516
91814 1340228
99391 1559953
95047 1454209
108407 1843937
74197 884229
98901 1540717
93474 1382492
68598 758680
97706 1525792
99574 1572312
87075 1203361
124102 2419180
70723 801857
78544 989716
84627 1145481
80514 1036056
76898 961264
96565 1464877
80568 1038168
78929 1009125
100085 1576153
79738 1021860
105251 1750669
78470 989708
85777 1171249
79108 1003832
85081 1153845
115916 2120296
93474 1381960
106366 1778612
103726 1701200
100705 1594013
78552 989764
68162 752504
97171 1497489
70369 814189
124682 2433680
79778 1022844
74089 884517
98774 1547800
97207 1500245
84225 1139405
96037 1473033
87487 1213081
103842 1702228
81681 1060793
110221 1913341
104907 1741337
74847 897281
77970 979772
92854 1367984
91886 1341144
95867 1446545
85844 1181000
82591 1086429
83681 1107945
116032 2122588
85400 1172208
110480 1937232
98188 1534616
117136 2152096
111031 1933429
108511 1840709
68602 758732
117553 2177589
80544 1038052
96525 1464469
90998 1316500
80608 1038816
117035 2164725
74783 896605
92186 1346244
82897 1091109
92239 1355025
93564 1385164
106079 1777305
80452 1036756
103634 1698792
97679 1509449
112630 1995984
103776 1701304
89514 1287808
80502 1037468
96629 1488549
70729 801889
110131 1912941
79654 1012788
61753 624261
116676 2139644
112278 1978772
110376 1935804
86209 1187013
87008 1209476
103945 1722989
81114 1047148
78950 1001772
96511 1480893
120949 2313761
79830 1023396
81434 1054320
85842 1180992
105714 1760800
88522 1271104
101518 1649916
90654 1312756
92118 1345120
109241 1884961
97283 1501961
105181 1745909
101688 1652192
82755 1089341
81368 1053480
85870 1181244
92842 1367912
76924 961460
102358 1644072
74877 897965
104739 1737513
97519 1504881
99998 1581300
80584 1038376
82379 1078181
96205 1475593
97141 1499881
92890 1368148
91849 1348409
123464 2403264
85426 1172384
102580 1671584
87046 1209768
81386 1053700
75147 902425
83205 1117941
103973 1723297
79403 1016953
92114 1345172
74403 889521
67650 742452
108021 1858413
92180 1346216
89982 1278052
97137 1498989
87014 1209508
105796 1762216
98142 1533972
89956 1294480
104884 1733200
87986 1227900
99150 1564612
111160 1951556
97519 1504757
110577 1924369
87899 1222485
97149 1499757
77974 979792
84662 1161592
75190 904884
90112 1302100
92355 1358357
87873 1222089
97613 1506097
72185 842253
75980 922092
89198 1258780
92840 1367764
98109 1519201
110392 1935988
110291 1914921
76906 961320
101446 1648624
91754 1332908
103969 1723217
98176 1534512
97153 1499001
106527 1787717
82745 1089273
97583 1509145
89144 1258140
77936 979328
89242 1281340
80202 1023024
81680 1058928
126165 2479065
85318 1171460
70751 802069
110211 1913069
124976 2453976
103684 1700812
85501 1166169
108035 1859133
90726 1313096
87477 1212897
72595 852725
82431 1078793
124100 2419180
87010 1209488
93490 1382620
116058 2122944
98838 1548320
81414 1054088
65010 695388
87001 1204149
114400 2078472
97961 1516053
74549 891345
104699 1736805
98074 1533316
74805 897237
79797 1022885
101566 1650660
123671 2392701
85485 1166065
99150 1564612
86936 1208180
92058 1343716
87635 1217905
124686 2433700
97183 1497577
86938 1208188
95635 1442957
103672 1699520
93520 1382948
117576 2161924
131305 2706721
92083 1352177
84567 1144957
88528 1271132
112895 1997625
97173 1499297
102596 1671712
99996 1581420
103694 1700696
109109 1882977
78828 994492
110811 1927925
64214 667336
77966 979628
95455 1438221
103158 1687996
110536 1937888
80589 1043237
108519 1846149
93563 1390033
103764 1701208
110285 1915209
105235 1750529
83465 1121681
101588 1650452
81348 1052800
110235 1913609
81362 1053508
104400 1716944
104959 1741973
125362 2462460
110516 1937556
87845 1221361
87127 1205861
95459 1438957
87021 1204545
87978 1227844
111000 1949076
90664 1311880
93474 1381960
75980 926368
96237 1475841
83579 1128633
97523 1504893
89518 1287828
62112 630576
80544 1038052
91544 1329352
98206 1534904
86494 1200476
91683 1345289
98877 1540449
80543 1042745
87867 1222061
87153 1206473
88528 1271132
86490 1200456
101480 1648976
116690 2139760
114960 2067280
74889 898109
98568 1541332
137832 2975572
78537 1003321
79213 1012997
97213 1500273
110959 1932301
83465 1121681
87881 1222421
84623 1145453
68606 758800
88476 1270364
103706 1700604
87065 1204989
106408 1778928
125320 2461748
66658 721328
66604 720760
100047 1575613
100045 1576141
82383 1083565
93744 1387856
86333 1188937
127630 2564612
98367 1530401
106606 1782276
74962 902968
81523 1059461
93482 1382496
105271 1750833
92072 1343856
114598 2081788
92040 1343568
110153 1912169
81461 1058773
100008 1581672
82757 1088981
82515 1080429
100018 1581728
118806 2209628
110153 1912181
97153 1499941
85320 1171468
101972 1635772
61747 624237
86965 1202485
96511 1486473
102684 1673048
86981 1202609
121519 2303757
68232 753624
123460 2403248
128962 2609280
85047 1153385
108247 1862125
93726 1385612
109355 1894897
84603 1145257
110496 1937384
110245 1914757
82421 1078721
111780 1979200
84845 1150265
123460 2403248
103716 1700992
80508 1037428
92391 1359165
81102 1049316
90756 1314140
103036 1685980
85965 1174141
85361 1164177
98930 1550312
85770 1177964
104725 1737369