1399
1 2 8625
1 3 7273
3 4 9495
1 5 3633
4 6 586
3 7 3057
6 8 1108
7 9 7193
3 10 8206
3 11 3845
2 12 6228
11 13 3193
4 14 4681
7 15 4899
10 16 5403
10 17 7687
13 18 3681
13 19 8905
12 20 9321
5 21 6718
6 22 3095
19 23 418
2 24 1203
1 25 1677
20 26 1200
26 27 419
26 28 2176
19 29 2935
12 30 3288
19 31 815
11 32 725
18 33 6220
29 34 3664
9 35 5041
20 36 629
19 37 5268
33 38 1901
37 39 9729
2 40 7598
3 41 4262
11 42 5857
25 43 8017
3 44 4741
7 45 7449
45 46 9185
6 47 1126
14 48 3085
17 49 4033
40 50 2001
7 51 8942
39 52 1829
6 53 2507
2 54 6474
45 55 6791
32 56 7054
9 57 3402
26 58 6134
52 59 485
51 60 2395
25 61 3773
4 62 9787
40 63 9899
9 64 7087
52 65 2839
17 66 225
48 67 7355
13 68 7819
33 69 6533
69 70 8497
12 71 4317
4 72 5753
65 73 673
57 74 167
26 75 1225
46 76 7712
29 77 7777
22 78 177
68 79 9093
78 80 2599
44 81 5803
37 82 3090
69 83 9820
66 84 2579
5 85 1472
5 86 95
81 87 8297
72 88 3743
41 89 5995
2 90 2945
43 91 6321
25 92 7115
14 93 8373
25 94 2664
53 95 1853
86 96 2435
77 97 1964
88 98 7266
69 99 1465
9 100 4569
66 101 1772
85 102 5449
22 103 2315
67 104 8314
81 105 945
78 106 8332
101 107 7215
12 108 7457
87 109 2767
46 110 5905
19 111 6717
89 112 5636
36 113 3505
25 114 3478
79 115 5153
103 116 8953
9 117 4775
52 118 9797
107 119 5949
52 120 865
31 121 2170
94 122 7382
61 123 3017
41 124 4747
89 125 6633
5 126 4543
23 127 3724
87 128 2929
55 129 8462
40 130 9437
113 131 1271
116 132 7531
77 133 3431
11 134 580
92 135 1611
104 136 8346
105 137 4247
34 138 3958
97 139 3435
125 140 3537
29 141 6849
112 142 177
23 143 7163
50 144 4060
115 145 8108
131 146 3526
145 147 6555
38 148 2913
49 149 9003
91 150 5977
21 151 7233
6 152 2165
152 153 3325
126 154 1281
5 155 9298
75 156 5061
52 157 4603
8 158 3057
55 159 3283
96 160 6293
130 161 1571
6 162 4122
36 163 7991
62 164 369
133 165 9983
80 166 5663
55 167 4397
9 168 2449
109 169 3140
108 170 4065
161 171 3269
29 172 1457
97 173 5966
141 174 3739
89 175 9165
122 176 3802
90 177 8231
70 178 8714
15 179 1009
29 180 6949
37 181 6137
12 182 9893
5 183 4437
70 184 9529
23 185 5444
45 186 6434
21 187 7157
75 188 5233
5 189 6882
165 190 17
70 191 1317
151 192 6785
53 193 7939
188 194 4134
156 195 7757
113 196 1945
89 197 3401
78 198 4353
141 199 6251
168 200 4457
97 201 5582
54 202 1449
80 203 2064
59 204 7793
37 205 9073
39 206 5194
171 207 3059
72 208 3832
135 209 364
172 210 7633
25 211 6074
35 212 1785
45 213 3553
203 214 3371
79 215 209
96 216 7865
41 217 7177
16 218 3242
37 219 4743
112 220 2228
167 221 7968
185 222 4203
55 223 4230
190 224 5385
65 225 2789
180 226 3932
91 227 7841
122 228 489
181 229 7353
63 230 2240
173 231 3610
224 232 2387
106 233 7749
16 234 9640
207 235 4673
189 236 920
219 237 5749
148 238 6075
161 239 6745
38 240 7909
135 241 6473
198 242 755
211 243 5518
234 244 5077
127 245 1865
110 246 4104
61 247 1260
119 248 7233
70 249 7134
210 250 4699
193 251 4283
204 252 849
91 253 5373
28 254 3849
171 255 3047
155 256 7201
190 257 9145
40 258 4561
174 259 6703
43 260 1514
7 261 5363
44 262 6031
251 263 5543
47 264 2897
69 265 2801
41 266 7881
77 267 1354
115 268 2401
14 269 1306
111 270 9918
11 271 2529
56 272 4732
225 273 497
166 274 1047
267 275 5777
183 276 385
253 277 4858
244 278 1933
223 279 6379
64 280 2469
193 281 9279
88 282 9718
195 283 8372
97 284 9308
65 285 1963
210 286 2414
17 287 2989
51 288 8405
194 289 1236
239 290 7763
16 291 1365
49 292 7488
5 293 5693
84 294 7759
35 295 7365
98 296 242
11 297 1767
269 298 3892
188 299 8855
26 300 8571
6 301 665
173 302 2565
281 303 4512
125 304 4664
117 305 1324
78 306 9085
275 307 7495
249 308 7575
65 309 3940
72 310 6462
167 311 2353
219 312 2738
76 313 2626
49 314 899
183 315 5505
193 316 1685
145 317 5933
251 318 7785
8 319 2745
166 320 357
49 321 8074
129 322 7960
125 323 2385
283 324 4897
149 325 8823
298 326 1397
135 327 9505
84 328 2169
203 329 4537
325 330 6021
37 331 5295
172 332 4029
29 333 4077
279 334 7259
21 335 1488
40 336 1301
87 337 2949
71 338 8193
206 339 6556
72 340 2671
143 341 2489
290 342 9171
57 343 9112
268 344 2307
131 345 5009
265 346 999
93 347 3393
310 348 2553
9 349 1835
155 350 4765
187 351 1034
332 352 6593
50 353 3725
300 354 393
79 355 5747
215 356 5277
109 357 9819
41 358 1985
15 359 6497
289 360 9481
87 361 5301
255 362 8921
229 363 8725
310 364 5810
171 365 5019
334 366 2763
244 367 9154
206 368 2266
273 369 2369
326 370 5074
157 371 5250
287 372 5921
341 373 9355
145 374 3825
241 375 3781
210 376 1455
183 377 7497
168 378 4348
89 379 117
121 380 7561
57 381 5985
225 382 3143
242 383 9113
11 384 6009
353 385 4993
166 386 2801
317 387 5829
84 388 201
69 389 1931
110 390 8973
229 391 6342
253 392 6398
378 393 747
31 394 1714
2 395 6437
177 396 1675
126 397 8464
225 398 9397
5 399 4962
58 400 937
180 401 1025
154 402 8953
45 403 1478
146 404 4377
301 405 2236
196 406 8138
163 407 8529
367 408 9329
109 409 6177
111 410 7426
286 411 6289
285 412 1311
229 413 4181
64 414 9257
147 415 5793
251 416 5749
415 417 8440
298 418 5933
293 419 6787
347 420 9973
227 421 6701
223 422 209
153 423 7497
73 424 5666
361 425 107
165 426 4991
422 427 2709
181 428 8675
103 429 5744
391 430 6229
83 431 885
253 432 6161
208 433 6455
33 434 9533
255 435 2311
34 436 837
49 437 2957
229 438 5031
159 439 9588
385 440 6161
91 441 3807
148 442 4993
159 443 6993
45 444 647
329 445 3685
189 446 7913
255 447 5594
169 448 7553
101 449 5109
119 450 6885
306 451 819
193 452 9664
205 453 1927
51 454 3655
140 455 1981
132 456 7280
65 457 4812
421 458 5861
87 459 7815
435 460 4745
194 461 3689
27 462 3617
458 463 8826
456 464 2778
12 465 1927
399 466 9360
451 467 9851
298 468 5483
393 469 3636
239 470 8439
91 471 8761
136 472 8146
203 473 4255
1 474 8129
237 475 7436
336 476 8001
379 477 7291
432 478 9027
129 479 4244
346 480 5369
225 481 2741
182 482 307
101 483 3967
31 484 3350
49 485 8161
271 486 1223
133 487 337
426 488 2561
377 489 2478
245 490 1747
424 491 1423
433 492 2177
205 493 9533
351 494 9353
57 495 2856
2 496 5197
283 497 1361
78 498 8137
97 499 693
74 500 418
61 501 5695
338 502 7609
491 503 1805
267 504 7413
158 505 4103
238 506 7635
319 507 6060
243 508 9811
497 509 7412
397 510 8001
258 511 5554
408 512 6111
329 513 9727
398 514 6491
231 515 7969
50 516 6369
270 517 4807
120 518 8054
310 519 3310
405 520 869
280 521 1145
15 522 5185
41 523 425
506 524 8349
99 525 7721
397 526 2305
153 527 5277
18 528 9024
40 529 3189
392 530 3859
309 531 525
381 532 2917
1 533 4184
428 534 2150
11 535 7473
381 536 8097
181 537 9175
7 538 7913
225 539 9305
282 540 4791
265 541 9443
29 542 8089
33 543 9359
455 544 4206
240 545 5669
408 546 7273
71 547 6236
36 548 3244
347 549 1820
415 550 8031
434 551 3393
383 552 8353
535 553 9923
133 554 2707
469 555 5474
526 556 1497
405 557 8921
361 558 9345
155 559 3041
249 560 2132
427 561 6382
475 562 4191
140 563 9969
237 564 8869
545 565 5513
160 566 6857
209 567 8201
370 568 4794
502 569 4471
9 570 4439
415 571 5640
125 572 9868
82 573 1871
123 574 5699
110 575 8858
152 576 348
431 577 3921
527 578 3948
189 579 5473
287 580 4678
475 581 108
31 582 9834
53 583 7062
109 584 9070
405 585 3156
236 586 3745
465 587 8909
182 588 9901
148 589 589
185 590 1203
342 591 3766
330 592 8835
333 593 7505
549 594 6990
127 595 5717
512 596 7493
81 597 2105
426 598 3499
250 599 1877
433 600 6731
541 601 4253
428 602 5508
198 603 8065
447 604 9556
316 605 4473
562 606 1627
567 607 3125
527 608 9441
215 609 361
315 610 3177
198 611 6205
481 612 7245
609 613 5847
233 614 4529
475 615 676
114 616 6057
449 617 1021
351 618 5041
183 619 8288
151 620 9132
93 621 3987
68 622 2825
352 623 4755
183 624 8401
529 625 6067
288 626 8332
49 627 758
213 628 4337
453 629 7328
571 630 6994
39 631 9771
115 632 2453
117 633 7888
268 634 4273
191 635 2191
322 636 9574
89 637 4767
15 638 9015
63 639 7328
93 640 5857
205 641 2573
142 642 6017
277 643 2722
84 644 7869
437 645 241
30 646 8010
337 647 872
188 648 7733
607 649 593
598 650 1419
479 651 3529
370 652 4711
548 653 8977
221 654 1926
275 655 6019
127 656 617
433 657 7613
263 658 5076
214 659 1009
478 660 7049
343 661 3971
318 662 4043
7 663 659
137 664 2465
73 665 7985
173 666 473
649 667 265
391 668 3124
35 669 7633
314 670 8710
101 671 5189
411 672 4097
481 673 7755
282 674 3664
339 675 7817
393 676 9899
183 677 8177
568 678 2063
266 679 737
527 680 1305
489 681 3743
401 682 5493
54 683 905
348 684 6751
455 685 65
562 686 6421
228 687 8157
84 688 4737
229 689 8017
280 690 7611
485 691 8267
375 692 1855
413 693 7871
566 694 9585
525 695 1013
7 696 1281
281 697 8259
88 698 2036
347 699 1719
373 700 9597
481 701 7338
232 702 769
311 703 2421
453 704 6780
113 705 6292
218 706 5713
695 707 5625
630 708 301
622 709 228
419 710 9447
31 711 945
101 712 8082
29 713 2053
174 714 8041
475 715 6049
159 716 6041
289 717 4911
602 718 1361
573 719 8684
372 720 5175
121 721 8989
482 722 8701
425 723 9031
621 724 9309
253 725 1275
587 726 8196
605 727 65
281 728 6486
559 729 5023
448 730 9641
698 731 112
490 732 9917
386 733 7347
397 734 4729
29 735 6519
62 736 4213
9 737 9233
368 738 658
123 739 5474
2 740 6693
377 741 1904
717 742 2111
389 743 9169
469 744 4649
392 745 8551
422 746 7003
173 747 8481
579 748 9588
9 749 6937
402 750 1691
655 751 1681
156 752 6929
547 753 7617
60 754 5476
32 755 8137
273 756 1565
185 757 5593
679 758 6616
113 759 8097
458 760 9076
593 761 5167
206 762 9965
519 763 784
453 764 8233
183 765 146
489 766 4645
353 767 9207
35 768 4077
443 769 2569
372 770 7821
399 771 765
101 772 4873
94 773 6993
636 774 3763
121 775 4185
597 776 1518
665 777 705
678 778 1767
473 779 3590
408 780 4505
232 781 9185
112 782 3555
591 783 6363
261 784 4749
215 785 1893
163 786 3857
27 787 6005
15 788 1853
247 789 5925
606 790 9753
359 791 8945
289 792 4561
241 793 3501
89 794 2576
547 795 2935
495 796 8280
624 797 8610
693 798 5003
291 799 5103
653 800 366
749 801 7004
429 802 2279
317 803 1873
553 804 3754
201 805 6305
266 806 8097
313 807 2883
196 808 1715
389 809 7909
414 810 7768
715 811 6961
354 812 6306
613 813 5333
153 814 1393
93 815 9419
85 816 3905
209 817 6988
426 818 2316
216 819 9669
540 820 1577
705 821 4049
48 822 7173
305 823 1224
448 824 8025
665 825 3325
547 826 4475
767 827 4739
652 828 6996
442 829 867
421 830 1259
580 831 3571
810 832 3288
788 833 6657
413 834 5045
823 835 4901
703 836 8859
709 837 9749
242 838 8377
709 839 1669
832 840 5677
108 841 9662
164 842 3642
714 843 7062
392 844 465
69 845 2309
194 846 6825
748 847 1142
333 848 5161
365 849 8035
98 850 530
825 851 5101
608 852 3961
645 853 5815
233 854 1669
348 855 499
325 856 5528
545 857 8807
504 858 4634
542 859 3417
302 860 7684
501 861 8600
845 862 1727
27 863 7448
574 864 3353
741 865 671
420 866 5229
31 867 2839
144 868 3745
735 869 4437
691 870 985
237 871 3622
785 872 9751
845 873 8712
567 874 3596
706 875 7000
573 876 9531
195 877 3813
598 878 1031
781 879 8701
675 880 1243
792 881 2917
102 882 3707
409 883 724
67 884 5349
673 885 3217
310 886 8663
149 887 5189
431 888 1539
334 889 4861
697 890 3501
475 891 1625
748 892 9582
421 893 539
563 894 281
811 895 6839
851 896 8873
771 897 3130
688 898 9877
61 899 4049
177 900 8137
285 901 2982
179 902 2188
293 903 3196
792 904 8007
119 905 8873
799 906 4020
135 907 9377
566 908 6005
628 909 1065
832 910 2449
557 911 4478
697 912 1717
633 913 5331
171 914 3088
904 915 8713
202 916 7167
449 917 9204
707 918 883
571 919 8293
542 920 5073
766 921 9111
220 922 1605
33 923 3028
619 924 3529
375 925 9006
626 926 6001
873 927 6945
499 928 360
507 929 6911
210 930 4089
329 931 7029
463 932 5870
337 933 8169
808 934 3693
633 935 1847
659 936 4239
639 937 2863
231 938 9369
900 939 355
372 940 4877
382 941 7843
866 942 7509
357 943 7793
699 944 7685
474 945 4407
630 946 5637
519 947 8310
421 948 3049
383 949 6075
885 950 7391
438 951 6405
302 952 3358
341 953 4097
942 954 3165
153 955 2543
160 956 3387
885 957 2506
625 958 8917
87 959 7771
47 960 8057
191 961 2541
721 962 2863
490 963 9
719 964 6662
671 965 1235
510 966 5034
309 967 4184
333 968 6689
492 969 5713
923 970 3845
934 971 3022
129 972 3063
962 973 6977
30 974 3743
488 975 1659
626 976 6991
113 977 850
473 978 5089
752 979 9413
617 980 4529
291 981 923
808 982 4308
29 983 9187
593 984 8113
329 985 7420
189 986 2885
168 987 7541
582 988 8189
246 989 9529
946 990 4560
887 991 8375
576 992 6847
707 993 4764
161 994 3881
721 995 1269
320 996 2522
529 997 9125
704 998 7329
454 999 2030
393 1000 7216
329 1001 287
93 1002 8657
940 1003 633
841 1004 7235
917 1005 9032
911 1006 2803
341 1007 2601
701 1008 4777
267 1009 3393
51 1010 8915
158 1011 8699
616 1012 7117
454 1013 7176
228 1014 4157
75 1015 8369
941 1016 2731
550 1017 269
534 1018 193
1007 1019 3152
514 1020 7513
730 1021 7353
214 1022 4166
945 1023 7
790 1024 4276
736 1025 7005
428 1026 921
31 1027 8269
664 1028 7921
837 1029 8589
693 1030 2713
559 1031 4705
511 1032 9833
704 1033 4921
404 1034 462
71 1035 2371
270 1036 3647
1019 1037 958
682 1038 7193
41 1039 4326
204 1040 6405
335 1041 355
359 1042 3137
419 1043 7321
496 1044 2849
745 1045 4426
1034 1046 1044
947 1047 4545
497 1048 9601
643 1049 5425
219 1050 5653
782 1051 1305
460 1052 3749
689 1053 4023
222 1054 9913
409 1055 1931
758 1056 8755
461 1057 505
564 1058 3876
129 1059 4053
815 1060 6683
544 1061 9157
67 1062 2133
858 1063 7881
262 1064 8117
245 1065 897
847 1066 9395
579 1067 4902
519 1068 5482
738 1069 2361
418 1070 1025
819 1071 1223
909 1072 4625
531 1073 6869
424 1074 1149
175 1075 8008
471 1076 3245
661 1077 3851
519 1078 8769
159 1079 7805
837 1080 6987
932 1081 7393
625 1082 9926
187 1083 695
173 1084 5753
319 1085 5753
752 1086 2393
43 1087 1713
710 1088 973
845 1089 959
479 1090 425
870 1091 5329
620 1092 8131
69 1093 9334
110 1094 5829
337 1095 1075
36 1096 1195
241 1097 4050
130 1098 5110
735 1099 2987
766 1100 9632
890 1101 9841
908 1102 3060
595 1103 97
13 1104 9529
450 1105 9889
20 1106 9757
245 1107 7971
445 1108 5457
719 1109 7371
721 1110 3123
1110 1111 1961
665 1112 9951
427 1113 5177
750 1114 7057
85 1115 9883
99 1116 3280
835 1117 8687
1038 1118 2891
225 1119 4642
304 1120 1769
773 1121 1497
257 1122 8067
1121 1123 106
951 1124 4388
371 1125 812
1047 1126 1381
490 1127 9303
1035 1128 3755
1019 1129 7415
913 1130 5717
285 1131 3855
992 1132 1913
204 1133 9609
538 1134 5447
417 1135 7151
1072 1136 8613
559 1137 2895
199 1138 9080
361 1139 8353
1067 1140 7185
364 1141 2585
302 1142 6777
1084 1143 6717
465 1144 2745
245 1145 7657
1083 1146 5852
655 1147 1218
1097 1148 561
787 1149 3649
805 1150 5533
335 1151 5491
268 1152 6241
389 1153 2771
1106 1154 6978
1020 1155 9478
279 1156 8155
568 1157 3776
1000 1158 7473
1013 1159 7449
1111 1160 2913
9 1161 308
550 1162 9474
467 1163 1997
161 1164 4516
10 1165 5010
970 1166 7211
643 1167 8273
654 1168 6920
108 1169 3943
364 1170 6701
759 1171 9361
725 1172 1969
131 1173 4427
368 1174 7003
411 1175 1131
293 1176 6689
660 1177 9817
1056 1178 9724
49 1179 1053
1127 1180 2375
688 1181 6408
325 1182 2509
247 1183 8297
152 1184 8595
971 1185 6569
1048 1186 7989
321 1187 9833
126 1188 5958
62 1189 1489
349 1190 6365
267 1191 3077
383 1192 9047
1041 1193 9128
33 1194 3336
416 1195 6541
863 1196 1692
430 1197 6577
330 1198 2481
1141 1199 5713
543 1200 7088
209 1201 9505
736 1202 3161
318 1203 8329
89 1204 2977
589 1205 8415
463 1206 7937
568 1207 3265
1117 1208 4097
161 1209 562
856 1210 1841
237 1211 7641
1070 1212 1484
471 1213 7163
564 1214 5833
643 1215 5068
105 1216 553
105 1217 121
592 1218 3817
237 1219 289
168 1220 9648
289 1221 9627
420 1222 7823
895 1223 953
739 1224 779
505 1225 8289
831 1226 9752
563 1227 2558
56 1228 1136
631 1229 6983
1088 1230 117
100 1231 4091
792 1232 1925
1099 1233 8643
212 1234 9953
1165 1235 4210
41 1236 9585
205 1237 936
265 1238 8313
600 1239 1429
1162 1240 9228
152 1241 3254
1031 1242 9595
589 1243 4613
830 1244 5921
730 1245 9713
768 1246 9627
1139 1247 5385
636 1248 8733
49 1249 4535
674 1250 5924
245 1251 3527
994 1252 925
145 1253 8621
58 1254 4417
553 1255 3270
1115 1256 5237
714 1257 8213
50 1258 3148
1205 1259 6175
629 1260 5216
357 1261 9692
290 1262 2471
441 1263 9713
369 1264 2369
129 1265 8066
1168 1266 481
835 1267 5576
880 1268 7411
507 1269 5113
484 1270 3055
899 1271 1127
1034 1272 3065
149 1273 9217
426 1274 5854
883 1275 7926
1206 1276 3665
699 1277 7943
775 1278 1018
251 1279 7793
613 1280 4001
452 1281 3133
333 1282 6453
327 1283 4073
248 1284 9403
13 1285 5024
1173 1286 7103
1143 1287 8567
761 1288 5203
1059 1289 39
120 1290 7365
250 1291 8633
451 1292 6861
515 1293 4313
927 1294 2220
730 1295 9986
769 1296 9713
347 1297 4253
1109 1298 3696
277 1299 3061
415 1300 3216
69 1301 3322
432 1302 8777
689 1303 7353
3 1304 5953
267 1305 7857
1047 1306 1745
251 1307 9885
801 1308 9999
617 1309 621
877 1310 1837
1105 1311 7529
1004 1312 7049
115 1313 8408
38 1314 9819
794 1315 7261
728 1316 3569
857 1317 9123
617 1318 8369
391 1319 7445
938 1320 9863
1205 1321 6023
647 1322 5845
301 1323 6656
540 1324 6045
489 1325 4085
24 1326 4859
211 1327 8793
983 1328 7990
899 1329 8945
1300 1330 1283
619 1331 7017
117 1332 9702
601 1333 4158
1244 1334 1473
287 1335 3433
1304 1336 8096
845 1337 3563
1067 1338 3557
649 1339 6962
624 1340 7998
455 1341 8819
544 1342 7739
101 1343 1516
1199 1344 3283
511 1345 4640
1058 1346 803
1149 1347 8288
695 1348 7747
223 1349 3067
183 1350 3959
170 1351 1526
694 1352 9179
769 1353 9434
588 1354 9049
897 1355 9564
619 1356 1721
856 1357 6352
22 1358 7090
92 1359 9153
172 1360 9937
510 1361 7507
85 1362 7705
538 1363 1171
420 1364 4460
611 1365 1857
1198 1366 3201
1107 1367 9665
678 1368 289
1033 1369 8983
1138 1370 8925
448 1371 3129
458 1372 353
691 1373 5124
880 1374 9451
555 1375 8696
511 1376 4649
189 1377 2749
553 1378 4495
357 1379 5803
1371 1380 1985
261 1381 6938
900 1382 821
134 1383 7865
1100 1384 2101
916 1385 1681
1122 1386 885
549 1387 6987
18 1388 4754
1281 1389 3120
954 1390 6962
1084 1391 9402
409 1392 6165
332 1393 17
1184 1394 4389
1375 1395 5461
534 1396 5729
243 1397 5739
268 1398 4483
1187 1399 5277
614758873 522634854982427635 527213385686880037 822208782855517321 638280695278372689 970617939621105425 923045125936095061 51713120329428362 311550083301082613 347874257327323681 134197803680235687 13787289396030413 141558517921973825 626826233275964589 882447086652586164 135966480548957726 638776949638896321 302553785136631236 507462501795459301 904494861273751745 58953801140384225 307055153533053553 28228038915282822 470855609996873249 768309761810689838 863601308135634034 563121753989363089 429869831746106239 214325448536293739 410979249587505277 179280882551767658 839332545254188795 552126350507276828 812948693783206383 998385965588905169 644916717825345371 105878157574713815 935184230890153365 519646630200325829 854438010483015347 146461709447568167 852418939876603103 847633212567622850 225891312344593001 716608512423703434 715218726285674357 9390133174213917 397913850617467643 861473695893043157 44827530541861737 19572897729326498 775419782537937473 349206822387631068 701741125412352537 463959323309115841 427595685481519829 334070929942710234 778244233145695121 445037047185893361 98886579446296673 694558409911960760 950421297447987532 721074564420340765 639762353902522954 288686233913800705 196284134243690234 448094433722150836 41619482340077002 905269477338033369 974398163427997747 831454681487103427 489392886726157451 229149127217629263 823447474919558113 793467123898419387 349803712709612325 690636081637074665 697206739130920506 514137197681424869 680263916592172849 91658741890782179 935445465726256425 665823521816722556 277658947117212756 700147812677005063 238255319451029713 565853635507108100 37779612923672105 771942721308160625 947639119869131856 257797523116971857 571180089325434181 225128265659918441 165890921840883976 32883875955815761 232326113894192644 5044550304362689 41081267959625114 849511377820545569 705841893691857463 41633829228001457 89054935891547803 301608763488648353 557014533702580837 499556921830751869 57383419542733603 903510633833571563 590558766695348049 378831111919888774 417434114548303589 804387583209009 913872077987585641 338396855467516803 734652769990405833 438993613904405935 407315731931868498 522298304136865136 210278689180291465 61394065919161648 323517617617662929 979978711393673027 184198869362403303 264631465143374458 292601249603895740 757262633611343168 362038401140703333 25880330986174793 8427611560944530 505625857941274829 98387003427642451 212240577493667104 678594590216837073 104379385753166309 956613679601688053 263251110804000001 300718241842953033 337165803854473483 176196641473674257 706215033441930149 11342944969133509 917094729238204889 355535206818410752 366324104726223349 144965990922622063 82638014493892441 567085329289917000 16404505262413765 591639087322449440 712131893812135995 628982226122450411 64882970147026371 550303438158215878 85416814615637383 424618643212944185 471270747788322055 920201802269366125 7489989188607045 577087744802998794 292725513995172817 693202707445372923 547447237371927713 774800237970908413 98175510760167817 16458832963296887 292174188839572788 412222892355482511 489619873752302497 482023193200009647 67173359374656851 377851249519604024 774290903287279853 534041404869141760 353737233469956427 37796470941674009 996972937587198373 817293853404155950 770955949571198605 80335989522710557 508723233104723566 36459819669220172 532925105363037609 822215347265951905 801081244703965357 230552887673789505 987719702348537910 172591504461724325 534098719549481857 64467052719983269 861505149719351865 977911577133326305 936090233874659081 585977675866893662 104752283283235261 425116727640050729 359368090118469339 24002305193507445 662335539993171686 697345124746125361 98477553415864091 941409227601586904 635041069597481937 247939353700884629 781137921422048843 523634803596948983 809182537895721558 26646908956477697 353434768857726829 708722237127334979 697680201698995701 570339675743570185 518985801905381249 888743945905673953 19308495678172635 599425848449627703 558948644818809241 982145635200079527 665120479717485733 246608441978269409 742441601222153717 759604289760239375 272747216305309588 31069788959612017 596192038980587129 837507801756374167 146013280145319559 953312993404733407 210817055809976757 9121452200187835 192265845767708833 982842971873119390 13346196936426561 856975442959895728 410099189617363165 475852149691837242 806291770243357813 938877358833192353 820136505270857037 622454421847393082 898352636623569172 3754592962495669 879260909446035308 67338275337237369 279740255145454401 924876649561322671 696612409517932657 191104865327271125 283168609337633527 136965338862484321 991787147641245936 448943822542177803 556270969637777383 603879681515155767 903687043548862421 347273125737449274 560913555267408394 589539886194168099 401084123791495163 255750156733960127 904258175746356789 825680969363562348 394512337948826381 71964982482628863 756084926900761735 372258269899746597 718589833705076841 41843720321624933 348734344746150577 116294303298164733 107103870204660161 6666097990575217 72603126744236291 102217644167062691 962011576153144587 840509269945683740 919915005567235436 172993263389378441 191040193476263422 744566213627658745 201723883640581903 385136833587837971 954140363590731856 602609631553328355 352174035494492453 632602956486584739 974044817439439808 599605201236157554 306599632642651553 535512764318846214 921677421442589345 967118793426163985 488067265634531041 37478123236988645 499639593523416933 658035513487072446 61712154167471457 896593341822994201 448202304742531852 559626192345851610 8372488939223854 515556679513319097 702159359630089963 783308332477630848 803255802745020326 12647655359442812 505758956764468960 367739010649882529 996083849300604431 97878234332580768 285576516368854421 329224167334964131 537375744575685527 702253589278864463 13122880254166710 280884254319519935 596442881750412337 184054831582068581 34478521710412510 855180337282869971 459738283317679242 63358385863058601 536854763189985967 66553601895328785 107287319543068695 474275137901369685 13176055684979914 616396001273264659 558758117748252189 144069519661033761 777765181693336065 346181244672793332 488855545534528529 395661479357387794 429593125733652553 960190922461389470 406767689662903243 836129705409126451 643546780826698415 30999909725178854 323267017411459397 276180049783255988 98911981661655583 683564637922088225 772701137414324469 956216359441586859 182828216793990305 669379830477361299 209128565130914688 632395782735572311 783986397518859493 573544007298543873 154056066438331949 363995973276281053 83445589636362855 871778877765444871 588145555118419155 100542582376557316 13485474948505397 361588440415411833 988191825623174887 647503493946900601 564928799699888501 826193579845778727 871951413777839233 837725556753177345 533227861697159445 833902285835443921 741308129331714941 408386211371966905 519659498329839681 320920529835815359 791567557706691557 274260297292634221 79322805329497927 972281525303736549 752010364522613505 677475685749604533 227402778604456953 342352541212150665 858450894947000613 978498845254927585 21326673368690297 309769560295269233 306680039598024717 643511622754968503 43544354561739905 446322164259311335 265025605657490119 80203338979515576 820268495688343105 455027845737868322 60911139948191832 503760335674953985 988738493245202539 70723093452563367 9933465756285039 633416343216298485 519658270637847989 711941168886013321 699475441971254505 698614769904115153 317969569804798939 754661918382476561 476210721925858761 335545857716114650 59729168751755815 761076434933491551 271944171324018746 747615974485868321 134518697447103265 370708947789280809 645795987520365267 293240479675760753 78535533247151453 866321724914105361 192751451231287959 149718465482137627 565806225720511057 336872673255163931 575723301733498937 914026709908562365 280081215710713361 880115327362040001 704496047618858665 14539564511252032 426928089267597221 429302597395241091 278001961457645585 720320585179877485 465429390866648661 227875710137846640 344997409336584791 705875785200848097 457006987370755205 412196972362253097 12858674515764768 464076743298211065 109150842589958575 847312173494042189 705482811309406613 803225966514655589 232154893801693585 39594769723139929 867754077306522913 657486141979191019 674504097251940653 327776097676318414 441475241518579807 453572128689594312 93744320530180955 852702685399243477 664204658230453724 53349059968230821 892064025388623977 478678675406784577 157121137769613359 429038254947055136 106643361500504962 664985113429008251 33996751192871789 174495341202748547 95163353245479051 614289659246352344 851368377246581723 982883007964020323 670254617561462553 73260872983003226 413582731822170213 435767897489072965 297294593387030711 615925505945887160 268548133553534849 197100453927188321 500834415398250425 90121611868793941 46402737810537143 589717565139638065 1649591376185857 693067185737446972 682807036178934375 115836925424866273 597549547724359015 985308337496552628 853773537678018861 370815833515898381 522214297511095490 80705678373277 631453529244992719 44467247538135475 593102985109935489 22942841838331169 507446294481663677 128791449643795095 275715029295358024 276232342344747760 734545948114641897 412960681109318465 420835797167999905 778772969153775725 45019359941975445 518017553495962825 674514489225191274 936155568284826717 289235969886322520 58127592554825690 165253459640518092 626437315893736384 198195201696407889 539836132330849607 749216799654702448 704047601729160052 321747965764437213 635170829549153605 184894288180909897 753611329290756433 113093157501457135 697493601857271645 442252375375645985 304216439625223871 911359729963159527 143065412932357111 129479319520702722 998056993345358669 98838401647647030 997205278531174131 159258246895575535 432869736195954837 158593025603016753 659778553277109089 306421547885946820 974752992330689659 705842445213437081 763719803620160483 52931945662363364 58141947655322937 19186170639306862 972068079740349042 740819741195400425 229731065220722576 784561586582008752 92948047079214897 610653205675883079 377334641161773039 583290518553221105 599286865757471393 747671322167010181 278210447110338339 78766959776750907 174829210775246610 478618067542846762 199267783465044538 133101791399692372 564323097580371693 118440977775021741 407467314476490621 69619239397490769 941244276582410297 435691369778557137 309426778579897509 479333708427249445 491571885793222229 180314117137684977 603765593388858305 150917511877334675 257604483271553283 84028673841742922 851763075405580629 976713233687774280 654476473222947358 573386505235906125 83592009967577034 138212201309693867 811606202725333775 21337791485033795 138871365756539600 598879167535594364 188615313903499273 323770833435752458 81233409451085879 166646109638353063 153296705163120777 986003321407869490 901190798376937419 352779525508199439 243102093302476709 150380381867342941 686277336589275128 165812325588296793 542214739498501521 295051511691894497 32843369772141803 5122588731666197 42956766714534001 434759157622760167 525341473125669341 722383294592407671 642261313225607217 90973935992075049 743743073114232209 379670767583556701 940301828899566593 900419566180956619 254979751384262718 886310449747096571 48513584037516045 691050686378501089 214364021355821329 644223551359690331 87359546677692054 739438327450383089 54384883214482318 218581109185794241 980544737593670933 565978004265674717 737876209838689781 469742337230309833 716023623510160697 433880286467459913 176660003655240476 915384193236564978 779847435173022234 31231163640524481 238043651925130945 695077877398798867 414360835922157330 7171865488758865 14960353919673590 103965568513006001 362088916938334146 869132229220715705 688787489864626243 837348267290484467 573752224364852767 72665221430488055 567259125894749824 437239905349669411 732327161961034080 658581025919999329 949585671221469439 381913521396225583 251749967431722560 76825104642726376 133589804698863682 628447193607422807 470273523894031657 367517510604548977 640580180138020132 973091371873826050 559924698905144281 576217899513647261 73750933470231348 980637747309285889 4488193654292105 48536908948767745 707227001638005621 262002443892540321 285833483866030026 343146817672557335 961251491444938717 216323729713810049 810472265543950065 91241283596939329 984275375166321059 179735269536970621 300083033642223238 422528428427666401 466583761947855323 155236316794951997 421292558812684013 964992580240286961 638811600332209118 773964220866293820 56942458143059189 695092833311948590 294187507391253450 231281433417214849 539713649898353069 485684337111654961 129592213918599177 867063233394736513 831707066720170563 94594312523301955 569816275780524796 539983144343867225 719226011125464165 845238033895386729 42670061837572782 640287241523124553 853013157703537588 79199313941401381 928607298348575420 997476161651748929 471549862254897041 276093857301946595 21374953952500240 176443860199385381 1253689667841121 94132061471524205 592485645888647221 88846110577987646 427561769787356677 262589267720970030 378369280956403250 277271970267169441 687813686872062481 308107245863865677 200376355868907512 277258041242372382 929585081675637553 445244241440060347 269869432384026450 858531333542659403 213685881241658657 343917441670603258 712712679525763913 769193757207869073 53621407232051272 586162792623687491 236362092217278153 141814940255617255 533517253190226457 257200809886915076 952961862734231816 165031048403538071 682372029160870085 553509433424861061 569091947787125540 173335825670402311 203332013402369047 772178195381077224 358803969755126995 247645931987565149 783411809759078803 547742073339935754 900227055782045771 1233564597801422 944183881486223361 449601605197616376 745846627166422743 454142721613430337 524669877956678033 896197307958300117 46803975765041166 29494839191122520 435233630762428689 98942537946392401 868027649225811505 732054588665422605 201023817357101509 427910823724499645 314761584248255945 906701793739996307 858100225488777733 125352994382556646 67719506759606293 894626991148587253 648808697963926981 460864180825526664 121128080783907713 881206177884711425 617139983854569042 54225857683604221 168527229634924953 230918067429546149 375026633427141585 915993487432774085 821039581342856459 889328736603030609 263658557538654593 484837585897188913 483034337207944249 987716611130661985 307431649222702987 553453585973781369 174396917699102445 404089437528723942 221531659643677557 29017292110422101 968816478915439474 30197841455067012 268166182362307341 367675642920228353 69378099372348271 591934779453619131 295425573108262815 987250473100533670 355388529673823373 359885401840612169 8210364007821606 116877589921513967 377900101569498899 877308249188664245 644798413732304775 384235073153161589 908876131821453601 418915378364123390 225343967652269429 114529678713022417 507779771977913296 576852080231874164 462493921185596851 703281857721693307 959763979372379797 487082016527185979 579630339937331205 834512173607702940 769918309700841128 373761637846451651 510297085773375871 74065069262430153 682914921626031877 9112479501344997 97363220562326345 818217265433991059 146136153134579744 664588460294736807 718167041122795656 718499820290768569 94950345154575459 284581013668620369 888237097596132452 862651241455651803 991186077801156529 700358767743327093 971663937598738825 855119294581291773 699848536020545 186995577147068671 910432000870119319 491971303365011593 408569134814891101 993589987589839741 999747009179160982 307799787592362708 371697019572449057 874339534790624389 823448825507843106 991268953581126846 368580901991896085 106957205496539483 602779012470740667 116417181792831491 584226337234874146 845694151422848453 987982943777381809 233979649927033257 727769502692416257 999923289956399271 101074054686069050 877765647961632741 3050642254249037 596041089368713638 173499713178699756 411979369737270465 147919949123706726 515274827333201115 602057782494448241 761655127391771975 236325840192513097 54225374594360124 522170090262909505 16767627214801139 871081363638164178 494967181432279749 158648117984107611 357751909363318031 3032228582732591 441638509365545235 620419797642110333 589472421599347982 305341241174379741 467046493789951869 328958401145566333 859568463285167255 634789680769712393 497899632721514746 99915929459577458 573303905292973697 138199875689521032 140002457914605753 819881555486007953 183495497161285266 548598908514044737 964629173953030444 372794339919559455 737683573702761847 180216717898655980 952895844392497093 533933799260761505 835035431350468570 432168127635422450 778134167257626081 14644480420205443 941802137970782364 29918075332241129 684559617610390205 183676461929158936 669720821127299075 75164888996957602 294928549338445157 390041433594986087 75469615756489521 523237313333035995 448439467216916159 515801729531387919 525770541664938334 943405425156315898 973157963142720705 417327961186247803 602068329294750045 634280545698817101 175656249388566028 8518215274122731 725469763418238269 741531032463228276 407745453203162096 177228359460945998 373571191837199590 614890565327537958 637116273400673333 32161745689308819 2020547841542179 174714515556818369 550189953419693729 882737301201791909 59463864628319697 440738817256367969 48373261956187357 392245527717553429 835976521967363367 573930886113625501 549399649163611264 399514045164564421 16467827337696017 622202696325148133 32813476438702753 361412357671546771 176408401651611953 224789569675286349 727288060618036125 442021835839980990 24617344132566677 882121369167859907 428814421693989229 628561505210077793 66695155311646409 673807165246953340 697587717547928612 94813859588324733 115995702914474985 693065736624934244 100054155504714625 95523914550005113 831309041400369858 42993673105918277 681406249794273518 593875399384451477 299515977234927100 718778445806275412 790472439724677624 422948757556911040 649818120785059045 2705927544929337 80199347518204483 883383481167896180 25565357442337641 833641273511724319 80440088723446976 40639605778102234 221046056348033697 446445370755646838 859802501273555145 637042580842903745 824802387420732753 129954846374800403 282714074306237321 271464017277371341 660391023477734553 541279721666121833 146329705983481812 688629411197886375 510313137555801005 765205688673972961 404414015763493753 234516741666729709 610944227959981863 496128477637468383 845989281204584733 590993429400900171 416583954314554185 621018788554378125 65263707780051844 750200961290290556 228065571421274025 22808413114045593 9173401771303450 485285437866587255 352891409858665575 44684755438952749 230875761317750356 849705729840155889 689376819385794061 141825081830796713 182218893102258449 113165147329774742 25597246845923109 834126874275518544 267809017223887427 11772272156952226 969971948604662715 113257225836898557 15552071772317181 93713837362927136 442967623343694609 10072620189910433 31744277146403669 45667146282702411 503059815345448281 706920520983279779 967641387544883922 888614293171218767 34046054573473665 871021127323993426 536769533866183793 472974561474193124 35828844495891685 678954873536581083 97458593758525483 33306031221279 447460449723820393 547799434941197457 54982432341215965 367619528770772701 100593569578300415 88828037159075384 304986809936951833 993404904299132547 633855679755515401 263404337711960038 237745177986115637 404896853906900231 887275391344063348 292728858327475719 866388993822475089 370600761750626295 659608610797144377 477942591604301329 616957131793461530 485929213534713825 815601695252185155 606549073353213625 789168461815222313 1816901268401760 658052764990256421 575252189719204197 655401433434053409 343602353922688425 578096745278632441 18824728552949453 271263017349635661 91685735698820227 585113190520815745 729347687539614343 199256794429075075 936131757861661831 85361569786915282 774095345997505857 46156512930889593 367179155973658880 367673772926722317 425519193457577605 953366367339135634 218742281512276723 642694149976148373 176242828115706659 70789719381151829 20016745030813093 896867883652510017 612644692672874284 938028151634275912 495001687395095289 31260561797117697 407085535176838857 913946343653187286 22474402985371069 843830881523623364 2995035455718829 26295383315320475 817372425883845877 690844517543614465 688876982657566471 129171139214462529 707264158658004596 716068609444590495 654273491865412181 955100959720243711 975334365987702386 336764926949972900 411221631194362013 267550194103511817 239576649292008841 787178962473127432 550782497321052660 453503986909761521 213671708520256802 362238517866763561 584569659741546456 61435579270781517 310757636411136522 201784177660284449 942084168452911473 495483729971189671 239042061947840497 9029009326400611 27124307584489301 667519513997259689 555936580651032675 148494517245351007 42323679858413540 222605072753037660 449894300251335538 490503455851468575 328718557173029505 129297553671628411 178313021557404769 947841089353482040 784670476577691965 286721523340766311 952037325310097189 163449407857822209 523807224955288699 803821281793935396 334111220953432781 381812252541368881 80037264162994800 357439413501939490 861728958134920661 521416029253639139 950129911748091436 185936255621851337 48188097302858535 941336760109584649 216732557733994917 88957607275863427 289069856119051073 27357613894573147 278733917263874343 354692104892503758 725216401310394163 262262443762840481 882714745300815361 451247189195466636 407603176366967578 795532293316736337 79899613635077517 70832307267891389 85090139723678653 77735375470614774 7483664145679901 340747361802461535 593739902533117585 47050733779452614 264626399521582711 919404935249117420 225755175446297051 463099901384848157 64461267200603315 911041167544990350 330818767357165029 996810302606799000 803040783540848784 928129278167873742 512261374215998565 88782244934879351 28165314741877705 662661057458977313 232427029568740641 72906068189390483 567458453986584404 956369090200676825 435052565950210635 29101771265183257 474346620360870298 681377873440154365 89776640119006761 946354459228115181 448511213313999390 939546528875563539 909357815738367486 81444295954184157 615987489526966884 873166277655358525 592340254653446914 576001931268695951 444783497275362143 741816287881531601 593334416743538874 55804668680906039 965725984443439897 532406565123062436 802827229526128751 617368641778520206 121965761152964857 176871313318751087 305304807655013633 123070513319363663 371094232967712124 714234259164816283 315340505177379519 535265955516438753 204151273787805013 64583212986830579 565461681991117041 919204014243570964 942696047925175855 437479737269334791 714182905553565957 49698246580295697 950027826136421162 964433767934978293 146460875561635612 141481969741776309 344407263985171121 582552001264494497 18442372768141841 981498701591344641 446277025344856133 479973217627950265 115261889509799681 61303155633069451 412537529399192917 103530625329895337 190333645929043625 340159100165816083 139545462938949763 406829019474785641 692231641261746833 8441702033409923 830876295473636064 453768699551395667 37294899651195419 153223259357954717 531869979231736983 503546185716135291 306227527390462389 898344867772514645 838776371852747323 64198832579263702 63663374358663494 238444885646613581 175255489654603243 220886527348825619 594246539448278580 500916145237551681 87593492240914096 895717821385347465 568391599840807969 377784159199400493 938050029495957921 235853254670539895 371608954800606257 442069999875307770 516352587618142849 186376889267552384 771089896626358605 744674159261091728 287380879485214419 459587141132916921 90781795723580142 77890777169380829 496458593679016113 597533505228376838 987096995469488349 968868381391841867 562529229916333218 502175206563648286 512082910136996238 602021985493121809 338288069187679355 869316145732655697 928440739277011683 972791781821936225 43100802563851449 639721361252643984 134324629316352356 161700581253562115 748423915475044591 699655066981360597 392119657631503541 167859089322474509 500936973335248245 28035086148270433 307950305787746350 614419625224924537 81252835918645953 563303143257354741 291170315545076449 225433193730195903 349289083968681070 459642241790624017 65939939943099425 515988353565260225 931219717589106071 51703257319572417 828778084372499933 723827549327748791 336438947561358738 845984145161249041 768937825858780489 960733143227568971 936592033983816449 77956115332574058 955503481182740782 389181133196906915 376824945644579641 305071989108351489 36201591930543597 766747986868359995 722591629332152251 674691753232485285 42789826599462887 595732651503265433 518372311281825601 977521213234452744 470417845725750075 118600105389503341 442792998636503133 570377337919375902 848167721138937219 153022115562762277 573773277368867325 510852680974544634 822462073603869681 846651457657343046 377987455661681 352187886364760104 470752083791121249 945128975271244970 28137295875562401 4133027775057701 402259465618075293 525417569666286569 4554447670456365 55595551520516753 390947779991470843 23176838738778409 258894657341619165 734680213613512098 134345387638814353 629541853719374665 603002202371310753 915179988414079291 523909052153273809 400546753110303953 409843769325564107 908182401124176767 18231882769812221 223626196475903059 319990107950923746 836303655440132589 324058625281849207 35536785947364052 304898925284562500 738059213678304641 70762342659240488 722863519873868125 555673757185877605 310003829462968610 106111793167599930 109283618661371877 610583465489568277 263786789309881297 979036137468031581 361482349933986463 64843756081411943 945822593347570305 927684609357915411 920989659394981820 132497313389880449 11231616192463565 36016064568742858 62770069917643135 645247016512339149 652823041521669804 674013801599239068 425793880561367526 521306025481622590 773640141524994548 366831657854256631 389921254624758373 193979009999858597 276839537713769645 278516887956731201 738415751994507623 515767953904902552 413884957600830657 421295137162587721 297412946369521177 183486801105444450 806497857