306286413679069
76201092377663
34759305608490
117515707375789
28990572845070
129040942270501
353809794466668
185557765061025
272534762670351
22640253430826
6309917805352
90139838062551
178735780348433
68385549294290
64320759204116
86664085939873
352984032909550
8751488510173
141139036142606
1714515574383
6417481456317
212417931991687
281878834473852
344791979769610
213667113758543
88972607565382
154298315758817
80121429818
213042121589076
26742818327665
174250174577824
15415372890212
227639868159881
280428753566917
307047093971411
6096136222543
141139036142606
234141044383653
335087423114565
15920950329321
8132660319896
125758703688677
273958471240343
25881724664396
57661922431
174808084088578
282604650984401
12233266291787
111295898715505
325574466651875
193088586524492
2192532024594
34759305608490
238115674839964
9141100351353
303253109456711
89750198542503
130465034765175
97748393216397
1230656047
273958471240343
2875234874933
323224901902000
50751111181077
104411249723565
214920141783687
45283167626422
357133048311237
19416376239516
11933838698444
39601819456468
181568128156390
54385549953156
133347018925064
60684345244324
55925633547169
59069570957784
160893965116
373971863724149
298742114446138
26092029631256
47255260565828
31333601781923
180431890358079
16599612918545
11636229608055
100221933661465
160893965116
151725589401306
34759305608490
337490570166653
138676209925456
122979995377306
363828445559177
68385549294290
47538755653613
107954398590
331105958566639
11341314508143
9404423117391
111295898715505
118416286726310
31572863413
201389235983061
82121674270317
254355460369233
69765445251980
22050503265413
2729665572680
67699270073447
36758173777340
163832048916495
67014349567271
9141100351353
118416286726310
186130877544856
17112439486170
95316771980930
156383774890595
235459552945311
32783976259410
125289960967
36255858847145
312386725752836
13466058723619
145132141748493
188437672390505
157435158504322
244150745723552
91318506896863
281878834473852
230228001687259
552561598937
82121674270317
26305118468597
219333394834177
38295773113392
184986986587885
178173131417144
151212311402143
301743322209940
132865622198887
306286413679069
23831545962426
70462809286063
281153547598590
8880146549416
180431890358079
260569725179872
122062006088149
324007402140907
187279114327124
349694244936173
3254709155405
114826394309574
149171077122193
264750883720752
36758173777340
160893965116
125289960967
141634961864636
3909336059186
34759305608490
266863858917891
2004776860950
173135315545729
1306429960894
122979995377306
240783905660995
159022601917278
232829301607403
180431890358079
222506624938464
1714515574383
97748393216397
9141100351353
217437131567454
264750883720752
79144276707568
11341314508143
362989240112054
139165836267023
263351443627074
11636229608055
366348239472187
334288107410312
108686886888333
31096536710066
16429319299657
125758703688677
329521762757890
1306429960894
821390537132
355469281232526
93621102708
70462809286063
51049301874531
53467282176360
37778783274990
9141100351353
107391603184661
2256351243253
190760206304605
194845773638137
419006250132
114826394309574
236121902454015
345607256665452
28081829563090
24640216543826
87810965901649
174808084088578
114826394309574
312386725752836
104411249723565
6309917805352
329521762757890
267570939677978
137698230030444
2192532024594
44169903763332
4708534431687
14431831448030
298742114446138
312386725752836
292799581076322
15250652662118
352984032909550
46972134261434
5189254122380
552561598937
321660202852952
90530209539597
157435158504322
162757325012177
43078005190172
122062006088149
2802321769272
337490570166653
279704297141363
1660666580464
103569583407882
7192070403712
99393274335900
92112384069312
337490570166653
11933838698444
104411249723565
190760206304605
81372558203002
302497174093082
73306628833762
331105958566639
171473975119185
362150074661270
32783976259410
225703136346222
39340076590522
57175449312878
45283167626422
45844076558090
201777832806
79144276707568
294276037287830
355469281232526
99807119632118
50453873489609
236121902454015
74025326051086
368877078173625
781063974032
24437427494164
145132141748493
322442424349990
205625370164332
25881724664396
53467282176360
254355460369233
7532578154854
154298315758817
177049819597504
155336312008055
86282741872093
155859981068966
85521303179459
34014952843861
79144276707568
17985917766508
144127669093107
239447565833542
122062006088149
238115674839964
161686759659004
44169903763332
189598545236791
250256774228615
625634438268
303253109456711
61670410541978
91318506896863
113497141138166
41992159478390
145132141748493
47255260565828
43078005190172
32783976259410
228932977488904
35756184061229
263351443627074
84762589386471
298742114446138
179616069590
186130877544856
26305118468597
109987284985538
276822972521323
5286727381797
102308715046410
352158868496115
121603625980196
69072573334587
15250652662118
254355460369233
304010126596808
96123610659112
43896596683238
286237955490254
1230656047
279704297141363
195433630548934
38816814076798
178173131417144
2192532024594
242125015854721
89360989894251
201777832806
195433630548934
145132141748493
28081829563090
299567801990
45563462394289
8378224485655
13152691765169
1403434184156
38816814076798
142131296224031
157435158504322
91318506896863
36506260143629
66332750281942
58434350485703
120229557312524
322442424349990
295757506744888
167076580860205
179865418711696
278261735218896
11933838698444
701598423823
85901627178628
92510753879305
16429319299657
167076580860205
294276037287830
310856945881229
31333601781923
306286413679069
348057620684902
27408806518175
171473975119185
217437131567454
155336312008055
46406760596186
111295898715505
38295773113392
14106178467354
64320759204116
1503523365398
21854969129791
5384202317458
322442424349990
1884921293830
26305118468597
7192070403712
315462996837759
266863858917891
56237401874824
276822972521323
6967533768920
3413025402240
1306429960894
25051033634915
85141880140151
19598281226741
87045443580561
3333037773793
419006250132
335887931794701
18516104046066
357133048311237
2454243997342
114826394309574
2454243997342
3493054411906
83627023691525
312386725752836
50453873489609
357133048311237
18516104046066
205016900072788
115273669831007
3994287409788
43078005190172
3994287409788
43623318997306
329521762757890
156383774890595
144629137410852
174808084088578
68752011909
24640216543826
286965234963916
125289960967
73306628833762
12068448433
44724775536047
45283167626422
483283186933
149171077122193
23831545962426
76201092377663
251621060523252
18516104046066
110423014813988
279704297141363
194258721654164
63655580042516
36758173777340
11341314508143
88197392623652
4434557042179
85141880140151
128567076649376
85901627178628
155336312008055
119774463359001
57802746606646
131903648589157
337490570166653
2192532024594
68385549294290
68752011909
118416286726310
106107975364987
71876859973349
3254709155405
218700687996217
183845690531532
89360989894251
156908886893202
224473707606
30860401404487
126692309447968
235459552945311
75836535151315
276822972521323
821390537132
58750892588965
341536257473830
303253109456711
67699270073447
331105958566639
203804275315535
85141880140151
31572863413
269693629470887
368032219472552
174808084088578
141139036142606
85141880140151
5092262321558
141139036142606
337490570166653
118867994121606
301743322209940
6309917805352
327940012381228
179865418711696
148156767337755
14268898043025
125758703688677
21854969129791
235459552945311
186130877544856
352158868496115
2949897622962
64989072842338
126692309447968
342349113443813
183845690531532
53467282176360
3656844070735
10076561752983
16769984107831
67699270073447
2589521848664
101054403271322
158492352533143
71876859973349
174808084088578
21854969129791
90530209539597
257109681517052
84004507403361
47538755653613
257109681517052
209315654261447
68385549294290
255040932663716
58434350485703
160893965116
114826394309574
82121674270317
144127669093107
140643293217757
4708534431687
212417931991687
160893965116
79886566901554
113497141138166
110423014813988
26305118468597
20701222796797
21272323086841
77297569372464
177049819597504
48591539964
47538755653613
24640216543826
63655580042516
67699270073447
52553373329638
1714515574383
10490187974835
2192532024594
214920141783687
45844076558090
335087423114565
8132660319896
132384319749200
318548639514433
243475152512199
331105958566639
38816814076798
11933838698444
74025326051086
350513820651686
106962776202261
57175449312878
285510870612758
236786327900390
66332750281942
28990572845070
328730291572389
318548639514433
2067293035758
4344174452784
8378224485655
358800879525578
1030703223722
9404423117391
159553553980775
90922714623735
110859425529474
118416286726310
288420673911676
39864022340632
24032411077928
51347947978689
101471791437070
99807119632118
131423836774698
116617280577763
1230656047
337490570166653
310856945881229
248896359348487
29920521076588
10351801577256
29920521076588
9272187068483
19598281226741
307807802688462
71168052041807
295757506744888
67699270073447
293537749755045
206237701558481
43350360988046
22246945448666
125758703688677
83627023691525
45844076558090
31812327308304
98566907728142
3177043276454
313922475471422
136242150055803
337490570166653
161686759659004
27186557726228
116617280577763
126692309447968
205016900072788
1306429960894
189017941468272
48591539964
337490570166653
362150074661270
250938842920555
259183841804447
185557765061025
145132141748493
67014349567271
262654158053089
9404423117391
7651443282614
255040932663716
158492352533143
7192070403712
245503431143085
324790185637002
146138844927915
181568128156390
370571804010827
15250652662118
121145343110245
1503523365398
312386725752836
219333394834177
203804275315535
48113814280886
163293052189059
25462879556111
23831545962426
1714515574383
14106178467354
47538755653613
221234715111769
32052478191263
113938707108029
33275669041041
279704297141363
1944386459739
76931123920926
15752078835279
41992159478390
171473975119185
19598281226741
68728984767250
203804275315535
99393274335900
148156767337755
4164422300063
185557765061025
16769984107831
1030703223722
102308715046410
234141044383653
19962346986432
136242150055803
55925633547169
67014349567271
265453486291679
17810226470075
44724775536047
226993610751853
147146717951372
62330605570958
14431831448030
17810226470075
67699270073447
140147725440730
552561598937
310093741481758
249232118344
175927148864192
213667113758543
741308853663
177049819597504
120687374610798
360473388385542
82121674270317
64989072842338
318548639514433
113497141138166
18161624673395
222506624938464
352158868496115
313152817504490
517779284390
66332750281942
331105958566639
83627023691525
249576298332489
200184763670788
82121674270317
73306628833762
87426830909667
154298315758817
273958471240343
38816814076798
246180592143498
295757506744888
6525998099050
181568128156390
186130877544856
152752455475866
265453486291679
254355460369233
2949897622962
1074434191365
30624898903653
145132141748493
90139838062551
12537114606957
186130877544856
10213488221141
38816814076798
3994287409788
248896359348487
91318506896863
131423836774698
35257461748615
44169903763332
105257187515914
38816814076798
1306429960894
44169903763332
300239143519604
215548043973581
741308853663
110423014813988
297247243171262
45563462394289
114826394309574
339101278676646
75836535151315
101054403271322
79886566901554
98156953237354
276822972521323
2004776860950
29920521076588
232829301607403
163832048916495
254355460369233
23034275944266
346423660970886
37778783274990
9141100351353
238115674839964
89750198542503
304010126596808
625634438268
9141100351353
81747042090792
124828000290510
34510618623464
66332750281942
43078005190172
318548639514433
115721068540887
23831545962426
342349113443813
27186557726228
230228001687259
133347018925064
173692604246882
45283167626422
1030703223722
160893965116
212417931991687
357133048311237
74748465721483
64654448355879
198988564875483
22246945448666
16940864636520
332694412130772
2729665572680
178173131417144
183845690531532
96527456355176
116617280577763
114826394309574
23831545962426
226348244334879
100221933661465
32538267515670
358800879525578
24845547436811
43350360988046
271113087709990
243475152512199
363828445559177
34262476931050
52553373329638
285510870612758
358800879525578
366348239472187
5482755062348
4708534431687
115721068540887
247537598465074
48591539964
20328021786026
193088586524492
16940864636520
338292092621777
57175449312878
